-1.057625563769387309e-02,5.435043064297934157e-02,3.783591407436930065e-02,-6.625654245312836976e-02,9.232627517509736648e-02,3.574850268206664072e-02,-1.517112294383465843e-02,-1.175496362579749876e-01,-1.859345044602183500e-02
1.102277643072847313e-01,2.970926610126137582e-02,-3.783928217066238886e-02,1.599520856987182715e-01,2.709827988709485047e-01,-3.347278245546157494e-01,1.851780264741991477e-01,2.043572027744309516e-01,7.708260528076549267e-02
-7.580048661574055602e-02,3.460870335919261076e-02,-4.847533252717003971e-02,-9.527602500252701709e-03,-4.208871919277429666e-03,1.955718315963352744e-02,-3.048465904550596087e-02,-3.093592389191091724e-03,-3.693672059375853467e-02
-5.955007069444089030e-02,-2.238426786347745556e-02,-1.592903441841462819e-01,4.187407874496333615e-02,-3.394472117213055973e-01,6.618026524456985596e-03,-3.876411919785105464e-02,1.613927310007345559e-04,-4.524914291413828504e-02
-1.610669298274881520e-02,1.856993447381637824e-02,1.261912545591948320e-01,-3.549762284822227665e-02,1.030320759775738421e-01,-1.519884061279839216e-01,-2.980277989596303787e-02,-4.510362440609327200e-02,-1.241057110342771649e-02
5.059308772759202322e-04,4.604472852088811741e-02,6.505832066930943014e-02,3.511202871598420594e-02,-2.428487466792944860e-01,2.010846354195787167e-01,1.533100701346400974e-01,6.978796873927145539e-01,1.105205322373066512e-01
1.904149404907246046e-02,-1.187880909681645336e-01,2.092587234978628141e-02,6.554726734108441699e-02,-1.593900272569188648e-01,6.677062806636396841e-02,-3.258800481660439896e-02,-2.321675545993362733e-01,1.937236391108421857e-02
-2.221951116716125788e-02,4.623380926511433398e-03,2.401138934371843670e-02,-1.399732706724767795e-01,-9.054487130685981433e-02,4.046636778101441595e-02,-1.308526787127827287e-02,-1.369573941769757219e-01,4.349018984370752947e-03
-4.238867786593206871e-02,7.731097122241877007e-02,-7.388799476379617759e-02,-9.208027900240955965e-02,6.147278351132710872e-02,1.240026765343333823e-02,5.399460385722058831e-02,3.795156004310010212e-01,6.089083397375152917e-02
-5.221797781424308144e-02,2.286368840551446235e-02,5.095606725157366540e-02,-4.516283290607051026e-02,1.097579249422996062e-01,1.544114290390693686e-02,-2.185776617156252183e-02,-1.194669088188205081e-01,-2.265673843487389996e-02
2.047439522819520519e-02,4.658432713372710754e-02,-1.700506532285363942e-02,8.355225203909152909e-02,8.242615870896372043e-02,-1.794206958932003937e-01,-2.508207891114232549e-02,2.878542658006328914e-01,5.846309285877001813e-03
-7.320888221753181491e-02,5.816756027664934242e-02,-9.111010393936427865e-02,-1.414948317888120033e-01,9.914172373754923107e-02,1.246817785198432726e-02,6.475530262649174806e-02,2.835851058583737094e-01,4.276405908884336332e-02
-9.544983837192214798e-03,-4.144004743862603896e-02,-6.598478179240220565e-02,-7.485107217650756317e-02,-1.591571761102874571e-01,3.290605021040470674e-02,-3.329909867111832678e-02,-2.130265062315802593e-01,-4.562406804516076775e-03
-1.424917508382340589e-02,2.259693921454962104e-02,-3.995803433115634878e-02,7.888743289874958209e-02,1.683666085704629140e-02,-3.206498289126019467e-03,-8.358770815123421627e-03,-1.481255711929518049e-01,-5.951222433841658714e-03
-1.313931746562017194e-02,-3.120813828328296985e-02,-4.255158415195785249e-02,-8.459615164581285596e-02,-1.035522433101894874e-01,5.373291961876816569e-02,-2.435677227895294283e-02,-1.943679378797107671e-01,3.063555610425295304e-03
-1.250391035627509279e-02,-2.491752775360547567e-01,1.060475075424220232e-01,-8.206229350208821272e-02,-2.038215323789340783e-01,7.157454825894875305e-02,-2.665515563866152626e-02,5.359433399214605931e-01,8.383004584506388579e-02
-3.714646142374974924e-03,4.456021908852482449e-02,-1.568347601011573986e-02,-8.702608476038192070e-03,6.435328766410905454e-02,7.585125338277291795e-02,-3.899002475278183499e-02,-1.444430531664704642e-01,1.178579977624826663e-02
7.572868144701344617e-03,6.327258651839591519e-03,1.310707657348137052e-02,1.993409161579070832e-01,4.260297291777612738e-01,-1.202321330623939838e-01,1.082962219995697445e-01,-5.818369248732627869e-02,-5.434176597031692424e-02
-2.009807385758508036e-02,-1.621990126536976273e-02,-6.691240757133155859e-02,-3.800950635815886908e-02,-3.946690643378018559e-01,1.129396332397998165e-01,-3.338283812083180785e-02,-2.308645979602124698e-01,-7.871999778444781909e-03
-2.143145948648436661e-02,5.149956429998087115e-02,1.305351799961534595e-02,9.448130941373242275e-03,5.294050169820408575e-02,6.527860956004864768e-02,-3.540406500046982402e-02,-1.471126614145136791e-01,-4.815359996942191086e-03
3.017259009701309808e-02,-1.388398615330281027e-01,1.998329957503553085e-03,8.089590559203531372e-02,-3.456333562884748023e-01,1.406403674237606261e-01,5.274770163593898303e-02,3.456262838618739952e-02,-3.534245621266640658e-02
2.083128590516684225e-02,-1.838573069377463232e-01,1.632214230460276860e-01,1.280520065295848997e-01,-3.706331376459686133e-01,1.747218978127226818e-01,-6.440621788854461460e-02,5.871935087848930701e-01,8.138097600761566575e-02
-4.027019588813347817e-02,1.759600037797670428e-03,-7.556544701874781667e-02,-1.312718982759063790e-01,-5.901218129490450742e-02,-1.402154861355113177e-02,-6.398809529042673479e-03,4.266065815601143285e-01,5.108408991757423800e-02
5.567186361670436456e-01,-1.331831113505102249e-01,-2.547203893215498893e-01,2.009766087331438800e-01,-1.651651958803393438e-02,1.220070644095391649e-01,-6.199913324128890346e-02,-1.442528296569067225e-01,-1.322649217504890187e-02
2.681762287192183264e-02,4.493913115071704323e-02,-8.011004297698420817e-02,-9.226655875493786074e-02,1.651902247222347686e-01,-4.140069079875113162e-02,-3.675618702205756504e-03,2.682117144384586482e-01,2.657847869505600494e-02
-2.049269985295281565e-02,4.582783767990480928e-02,-4.064637989722291386e-03,6.845231858677860992e-02,6.515140941443428590e-02,9.894530610861411446e-02,2.123377580871241982e-02,-1.311294345444895815e-01,-2.131287102262297700e-02
5.023152170214359447e-03,-5.915333846100564313e-02,-6.613015701364527432e-02,1.400922233074728546e-02,-1.997424518619441147e-01,8.249267307899532664e-02,-3.702277136021960707e-02,-2.209390580860363940e-01,3.601074518946293171e-03
1.492517100956049919e-02,2.349426047950385968e-02,-1.071548428006530856e-02,5.870801441853361335e-02,4.427780820854034238e-01,-2.249255288034560443e-02,-2.481791259780054965e-02,-1.139273598728671733e-01,1.025227195697111029e-02
2.397033486371850236e-02,1.053850404313592601e-02,-4.627926905405891495e-02,-1.099616436877746822e-01,-1.244140534469385523e-01,7.495378930279840424e-02,-1.688959308919155133e-02,-1.379199720347626112e-01,-2.851378047339143962e-02
-4.526195220069766101e-02,1.165331825004916125e-02,-5.144324263443947332e-02,-1.020577051177590233e-01,-9.755825717589031165e-02,2.813264171498283325e-02,8.085912148289321755e-02,-1.480128710543708870e-01,-6.918876305583214481e-02
-1.110100840617772588e-03,-6.330529017977042094e-02,-6.283279095159928496e-02,-3.167331293185367963e-02,-1.039506010676600894e-01,8.227738659451934444e-02,-2.876997661590573879e-02,-1.656323708086054614e-01,-7.209395016854015965e-03
-1.263857342191899991e-02,2.730581673567296364e-02,6.951001341104333375e-02,-9.060781514112432877e-02,1.748644984327274790e-03,-7.208698995766203363e-03,-1.028901866490820709e-02,4.944187193053467544e-02,-2.557889830653689578e-02
1.090958061589603068e-02,-8.971839073791156027e-02,3.130862776493099908e-02,5.921095502657439114e-02,-9.285088590411312570e-02,1.335259479942126591e-02,-3.872794296684128196e-02,2.447131032227638052e-03,-2.092893966294764874e-02
6.950516939987799736e-01,-4.135381664440686278e-02,-2.215742375459817948e-01,5.100870032502219376e-01,-7.296923614309594464e-02,1.357625509199966440e-01,4.619883211512444965e-01,4.822218123850162130e-01,8.160769701373597751e-02
-6.003684174106710403e-03,-8.199885553806007810e-02,1.153040583730926827e-01,-8.617123419735288337e-02,-1.087985735138847776e-01,8.193410438710138632e-02,-2.458003003581882978e-02,5.923668274049540550e-01,1.021402176927539013e-01
2.064465254279203299e-03,8.869900929963179387e-03,-1.109930485451950666e-01,5.943330309655332766e-02,1.750681571055736352e-01,3.103620628232043807e-02,-2.429145048798191445e-02,-1.431915938691015189e-01,-1.260206981504425477e-02
-4.860982406426140462e-02,1.466995934691157737e-02,1.295799450622133614e-02,1.489162537532872921e-01,5.171469918350347639e-01,-4.583514618526192408e-02,9.589508898136402115e-02,-7.944608302204497763e-02,-7.830351026847110624e-04
-4.154413033751279405e-02,1.079855223257299504e-02,-1.104684888795017389e-01,2.981036711289063862e-02,-2.803076449020189820e-01,5.642776434198903956e-02,-1.494343277297557893e-02,-1.866644443465129144e-01,-1.218469422226332866e-02
-2.457957972618638257e-02,-1.050724598935372928e-02,-1.544729869773403819e-01,-3.222645466106506540e-02,-2.085933263781847846e-01,2.398757418496385435e-02,-1.288378523925825039e-02,-1.918142982986681400e-01,-1.994654797489148548e-02
9.118836660573809150e-03,3.538352938538932152e-02,-9.408363701849570965e-03,2.426559987864828072e-01,4.398448303394345560e-01,-2.247408736474839075e-01,1.049908261590652009e-01,3.242744099918368761e-01,1.034584585554336189e-01
-5.182669030061905907e-02,-1.198189705945841392e-02,7.707705495618881464e-02,7.542316124452241866e-02,8.499593688908312072e-02,4.314661747276313242e-02,-5.356517856615396547e-03,-4.628591095973991904e-02,-2.860980889230731877e-02
3.694273117617787733e-02,2.394813581026844149e-02,1.309678042614240145e-01,-4.911278926693542039e-03,1.985477075192572383e-01,-4.598398877659605477e-02,-1.679770228374632621e-02,-8.746482317882869895e-02,1.085638802785367403e-02
-5.097583261138133315e-02,-4.758590805758138205e-03,4.203428834794646976e-04,1.155688581095772327e-01,4.601384118349542973e-01,-6.987329731541604139e-02,-9.017789777400819773e-02,-1.552342308149600447e-01,-3.347496392579365349e-02
-2.709058860390772816e-03,5.038645370878173935e-02,9.593515295186445802e-02,-8.115719627933426494e-02,2.996637765674423776e-02,-8.107253061943049677e-02,2.830927923704601445e-02,2.812897464133325490e-02,1.039433894343378545e-02
-1.207451240203894285e-02,5.369185742833450237e-02,4.049573756412910147e-02,-2.454094253684437760e-02,2.583397929312749447e-02,-1.297844782054781258e-02,-2.741125241640422761e-02,-1.375322226844726270e-01,3.836086585319463740e-03
-3.873473381077158217e-03,-1.456359507776197777e-02,-1.205190521980087082e-01,2.984948672089617061e-02,-2.003394109306353699e-01,1.026263833508663653e-01,2.465718914370344621e-03,-1.817591391595464179e-01,-2.535066757331946863e-02
-1.188776657112269042e-01,-4.691803957173034875e-03,-1.828479752123423827e-02,2.742147513226944611e-01,7.156605315303637971e-01,-8.211309577366476820e-02,3.188870507911850671e-01,-1.430798534272564315e-01,2.248644045707842709e-02
1.065740886642538993e-02,-2.326663357621076497e-02,-7.169223238978648938e-02,3.068852696050392188e-03,4.239845180677048048e-02,6.406795532244534408e-02,-2.787602890343477899e-02,-1.784868705107547915e-01,1.072864414917098011e-02
1.052023140511010313e-02,4.694534398461606972e-02,6.567821986491355346e-02,-7.699257383511828867e-02,1.000885668747009544e-01,-3.043186972235577270e-02,-1.207866975042734201e-02,-1.433226339162757892e-02,9.430275377344383286e-03
1.965384759076888033e-02,8.214569571620157148e-03,1.198136158551548203e-01,-1.214450329879505214e-01,-5.956269674006087200e-02,1.024858326579902584e-01,-2.395715870746680139e-03,6.715888256877371454e-01,1.147128291581683557e-01
1.313216392178476882e-02,4.434176490000557580e-02,-3.644372284535087048e-02,5.607976720266283355e-02,7.189382682139019987e-02,7.679470456650262788e-02,-3.607580827525447287e-02,3.916108932493917762e-03,-2.423824429386369286e-02
1.360680957409066139e-02,1.450320949919873398e-02,-1.561901822686195818e-02,2.521832058419521405e-01,4.435595927218506374e-01,-2.538601449024642798e-01,1.867750380737263904e-01,3.505413121863131809e-01,1.059359542262252873e-01
-1.097497471630368149e-02,5.531587763143967773e-02,1.031670272266053262e-02,-2.238861186437396122e-01,9.811596187705268202e-02,2.733245763089508021e-02,5.823125563783664721e-02,-1.137522360695348428e-01,-6.877262830468208396e-04
-1.692533193284720405e-02,-9.584846276594095882e-05,6.556783554428027849e-02,-1.427342112989476164e-01,5.190994235323290878e-02,-1.147110692624539116e-03,-4.467399069893045194e-02,-1.243437282505578667e-01,-4.741808400174517268e-02
1.883600785873005418e-02,6.751652722918090321e-02,-2.729340624714634428e-03,2.246783619606125826e-01,9.700544316735532080e-02,-1.863407955076396560e-01,2.146101856019848320e-01,2.801896821243302430e-02,-3.539652215248888928e-02
-3.957499349151276380e-02,2.326264057744531141e-02,-2.930959801507427090e-02,2.131022791369032998e-01,3.488693337882793899e-01,1.407112529901934604e-02,1.120300983478507567e-01,-1.181635880837335340e-01,-2.245464539269191595e-02
1.156677978154684733e-02,9.515246380933648981e-03,1.150724475986161788e-01,-1.297947268115563213e-01,-8.762787583127382152e-02,1.053799247819900142e-01,-5.701429442709543549e-03,6.773371919439363786e-01,1.163784702107724389e-01
7.016408539903393193e-02,3.884981330899531932e-02,2.110958526943706726e-01,9.211049886582980961e-02,1.580641339371009202e-01,-2.162639875169990178e-01,4.894037154798829524e-03,-6.201348282974804976e-02,1.124677303392026401e-02
6.173827145573761166e-03,9.637135558590172180e-02,-9.818367921572844492e-02,4.738155648149260102e-02,-7.789812544966886847e-03,1.055945279904831752e-01,-2.767512061290203912e-02,4.374344809231099918e-01,3.950114097483162223e-02
1.373432098475372426e-02,2.371277371949202795e-02,1.024013566102033035e-01,-7.006285637217972428e-02,2.106559096136174092e-01,-4.508034523093093493e-02,-3.213922786335686455e-02,-6.873836457920032283e-02,-3.821945481219637258e-02
3.517901244039613184e-02,2.034247389128285288e-02,-2.813018899567659020e-02,-3.155179815798524190e-02,1.527425903052476996e-01,-1.324228677207398286e-01,-6.450417027011924598e-02,2.047123337953778710e-01,-4.501400636656932921e-04
6.007929777168626861e-01,6.424237440499876162e-02,-2.873031996790140208e-01,4.265206790230281486e-01,-8.236651528404945188e-02,1.901984710488025532e-01,1.485626732772659941e-01,9.315577568929488822e-04,-4.063062007703061723e-02
1.896979220093288065e-02,-4.905303086698173387e-02,-3.762323539059546362e-02,1.389657968908162566e-01,-3.164365001671490263e-01,1.636248404199759365e-01,2.206780569713620230e-02,4.937378200628454034e-02,-3.674679847592340204e-02
-1.000325441261473366e-02,1.964769776016177250e-02,1.248573097212032634e-01,-5.665376018487383591e-02,2.017282226171846771e-01,-7.250333844270140209e-03,-2.047774101787853962e-02,-8.150927484246887900e-02,-2.267745992016520495e-02
2.837958809062408883e-03,8.785147939971160030e-03,8.238944409395908275e-02,5.468229248883232918e-02,2.459532166130340147e-01,-4.138870835895577804e-02,-3.449761631159432851e-02,-9.142682524913892106e-02,2.873743260929734634e-03
-7.257258337242819546e-03,4.299988413749922245e-02,1.611779573353687711e-01,-2.180536703400259499e-02,-4.504522501604839302e-02,-1.079274721701171530e-01,-9.602775515131070638e-03,2.119504334814550917e-02,1.384287909087201889e-03
-3.858715157812462465e-02,7.821493345181210199e-02,-6.887234158160536468e-02,-1.431127274714793784e-01,2.987481903295137117e-02,8.811184075533867732e-02,-4.364831930055971913e-03,4.495733312362775735e-01,4.087677765785464878e-02
9.511396006370874401e-03,1.054960904598589710e-02,7.732525080531187263e-03,5.646505803872070572e-02,4.021129801799318004e-01,-6.454713567922862327e-02,-6.027002340355620824e-02,-1.266243544992591563e-01,-7.022468597273396999e-03
7.709419157755144358e-03,2.689451112274442515e-02,-2.035318754462610638e-02,-2.284614269728102789e-02,-9.657184378288512575e-04,1.236740568923273484e-02,-1.589346649001041958e-02,-1.299306253259114308e-01,-3.148523571328924742e-02
-3.962471522222315440e-02,1.985985623184780696e-02,4.995586131242578387e-02,-4.496949930972458931e-02,3.648007035432884477e-03,3.135476569649537498e-02,-1.053391382807768867e-04,-1.347770261259839120e-01,-1.244185356649437496e-02
-3.693904882954759938e-02,-1.295365271612347775e-02,-6.787262185846302393e-03,3.142195736308032172e-01,6.498147034803261057e-01,-1.245392780822095063e-01,1.861242704206397536e-01,-3.524041662903296124e-02,-2.515018820502456370e-02
-2.533342837132786241e-02,-9.524847368703844019e-02,-3.356421063390992165e-02,-9.630120218015962574e-02,-2.055664796611322565e-01,1.260317059774986592e-01,-2.765116554075880764e-02,5.122347494486333419e-01,7.259703396617010751e-02
6.142786967390735653e-02,4.696162502671637207e-02,6.645485991523372715e-02,7.448298628832253354e-02,1.012578849106849921e-01,6.954182002068096113e-02,-3.954486370099973697e-02,-1.176338315733398560e-01,1.300287490620631592e-05
-1.547337013961966323e-03,1.685016012085347251e-02,6.316258812136947565e-02,5.057603468253674128e-02,5.477473321025747577e-01,-9.327375530553538852e-02,2.929099956536220309e-02,1.030119672548911874e-01,1.121749147326640689e-01
3.606504329675364051e-02,5.731008010251185947e-02,1.393442053678666803e-01,9.888372383515024733e-02,2.978765096654225064e-01,-1.270170038996619732e-01,1.200696867378428234e-01,-1.939467863578884371e-02,-4.109540159304045370e-02
1.147364400380971317e+00,7.432374317448854628e-02,-1.472590699669358016e-01,5.295538188625900089e-01,-2.920521449420381346e-02,2.756599925492727032e-01,6.261618550858121246e-01,6.079668906984461718e-02,-7.810984236838697074e-03
-2.002572914641649257e-02,1.259977152306480941e-02,1.903082272948482603e-02,2.118161147456940618e-01,5.005692961759831139e-01,-1.173358172914752418e-01,7.638976361071841970e-02,-7.783520776320185242e-02,-1.924384007277705338e-02
-5.434315781995907590e-03,-1.149612304080456678e-02,4.858523057028649866e-02,-1.083593529036180059e-01,-1.448702153193188180e-01,3.503777463636589123e-02,-5.085447426353209566e-03,5.217845128299229002e-02,-2.926690129607561336e-02
-1.430555947985319432e-02,1.380522106618922544e-02,7.881870605849800038e-02,-3.041387246791715793e-01,-7.925588881681185083e-02,2.535414553868271109e-02,-1.252500396430315105e-02,-1.473294474758828632e-01,9.950136267801853659e-04
-5.164666827116186354e-02,1.929854286674947961e-02,4.357914648927916496e-02,-5.066767252649049397e-02,3.607681499394989333e-02,3.264332437368906714e-02,-1.923222122101909265e-02,-1.294124371451991218e-01,-2.588135363232519498e-02
-4.397503845393543886e-03,5.153829917338276917e-02,2.545239121914799618e-02,5.253471725735633230e-02,1.032621343998416097e-01,9.032544500717804015e-02,9.043548609041388714e-03,-1.111066491504510007e-01,-2.675938723808422154e-02
-1.824479595546622465e-02,2.784379170137258122e-02,7.049052285592227740e-02,-6.551606360283337982e-02,2.386228419635297027e-01,-1.304675079679619432e-02,-1.585726836094603423e-02,-8.570545398166015683e-02,1.869632730201300011e-04
1.662986390835185374e-02,1.178976676596826811e-02,1.280860125562323648e-01,-7.696196268878813251e-02,2.100867946553411358e-01,-8.456028315033158049e-02,2.760340831745114638e-03,-8.892280017294812433e-02,-2.208938684592408330e-02
-1.149928325717762545e-02,-3.152308527146677197e-02,-9.377601768867309395e-02,2.233090945646635725e-02,-2.053220035405092792e-01,9.504274693551290065e-02,-1.894673712025327431e-02,-1.966910541509646893e-01,-5.042904964485590315e-03
1.641851451487480462e-02,-1.841158145439915697e-02,-3.106221094323945511e-02,-1.095992060961379494e-01,-2.011429563129677467e-01,1.208637050078028713e-01,-2.503659886702718287e-02,1.196234986589601694e-02,-2.875287942127102356e-02
6.052488888928755917e-02,2.902695932092941300e-02,1.962515632422364570e-02,1.231869380076727194e-01,3.098179144312497302e-01,-1.693907251795311875e-01,1.270686685686399364e-01,-1.386873264026250718e-01,1.139237388201232853e-02
-8.606898499519688439e-02,2.188579088467226819e-02,-3.184991687296755830e-02,3.737235486141983198e-01,6.559658614281747013e-01,-9.372588340578871802e-02,2.280861066661862835e-01,-8.312270014214205582e-02,-1.906112375744573040e-02
9.563328507577302517e-03,-3.264927749694995773e-02,-9.442048173167177927e-02,3.259868063786518569e-03,-1.337795240143313802e-01,7.205558525589073060e-02,-3.360285063141154466e-02,-1.707400648342444760e-01,-2.959483003815903401e-02
3.253450153731082817e-02,2.998156250368726183e-02,-9.980836015918861590e-03,-1.016935241408793988e-01,-3.845808664844296842e-01,1.197610325783432239e-01,-1.474170989491457168e-02,2.112451571592734167e-02,-1.699149632703747179e-02
4.766032324541090714e-01,-3.564559327793270088e-02,-3.315660652136431796e-01,1.009851709786979412e-01,-4.252741893704625742e-02,7.500239106822041701e-02,-5.872740916105073650e-02,-1.484862445828371846e-01,-1.366851836646947732e-02
-5.043558267078362967e-03,4.591234199485427075e-02,6.541900356384433568e-02,1.347201528613058141e-02,1.158218940550993226e-01,-4.689568099565824197e-03,-1.969578867645137288e-02,-1.081909915114354359e-01,-1.375163657045258211e-02
4.345932968862584178e-03,1.170361794164286040e-01,-6.176221110523927998e-02,1.190960746027143191e-01,3.002234638093540312e-02,1.262346105356184356e-01,3.665269478691358940e-02,4.700486393897454485e-01,6.794040337516840666e-02
-3.719393377325336258e-02,-1.721378306365963645e-02,-1.256927023485657768e-01,-1.025161281950941541e-02,-1.394950036592781939e-01,8.459249889668774003e-02,-2.058407543847964524e-02,-1.713032602169772822e-01,-1.142964258577142816e-02
3.166935626121691882e-03,2.928898106082284888e-02,9.517679780634445696e-02,-3.161396346479242170e-02,1.074899379859957788e-01,-3.021655945114729361e-02,-2.381497790769393844e-02,-2.831711113344996880e-02,-9.433827946169513062e-03
-2.168028907139371575e-02,5.370392048901457410e-02,-1.450493564406442858e-02,6.835599899258000545e-02,2.497666053231512723e-02,9.187757561215385838e-02,4.142786916346840459e-02,-1.542479059039246481e-01,2.449916979290604063e-02
-4.557659664708751945e-03,3.016059315308107502e-02,8.436006910146946758e-02,-5.899556467689514444e-02,1.415697988174292876e-01,9.562495144364946062e-03,-8.132897485964130091e-03,1.658330856083274109e-03,1.056816571362553456e-02
-5.536763458007150362e-02,-5.254932817763507957e-02,-1.076443533781206163e-01,5.447244852311199786e-02,4.706334594739597366e-01,-1.402355265883461349e-02,5.342461493398463317e-03,-6.253893297369644833e-02,8.846021744427047528e-02
1.969442792987777940e-02,4.563601313138173493e-02,-5.729512843248691506e-02,1.174338532430932863e-01,6.740506211044418328e-02,-2.878119598759100728e-01,1.378050689968828013e-01,3.098940845688148982e-01,6.494211306513122950e-02
3.043019999207424026e-02,3.185666086190615948e-02,1.403955547149544070e-01,-4.219121267616991744e-02,8.507900200609762320e-02,-1.764908831123231936e-01,5.886449333815465396e-02,-1.235072720996919365e-02,-2.808620946421214529e-02
4.421143544449070845e-02,4.110033725846689960e-03,-1.980082206679381271e-03,2.207652820590584944e-02,4.661085761073420208e-01,-5.103106873232631652e-02,5.392175680010151406e-02,-1.008010359996161370e-01,3.747001768725498339e-02
-2.896582324782077944e-03,2.447953676005144505e-02,3.592404893566929908e-02,1.085782156712892937e-01,2.669842449665988382e-01,4.343016017639328430e-02,1.744519702631922714e-02,-1.075346236412251105e-01,1.202333432496597437e-02
-6.890037433628599939e-03,2.904513942065931401e-02,1.182088075131325772e-01,1.362707767073808446e-03,2.418728969383334704e-01,-6.806275096574124217e-02,-7.516312167610216324e-03,-8.545802768362717461e-02,9.475883875855253824e-03
4.991855421413991106e-02,4.909652995251652385e-02,1.766603837638559826e-01,8.789090170059352114e-02,5.033431021629698743e-02,-2.186088648027339487e-01,-2.581556064808477463e-02,-1.303634750302006852e-03,-1.430902265557754474e-02
2.614538631254194334e-03,-4.488493165787714456e-02,7.434305778024375387e-03,7.746401218554034573e-02,-2.659277557994253471e-01,1.354156480896182846e-01,-3.010692196119102090e-02,4.851843314399086754e-02,-2.331865914979035920e-02
-2.597836696238268323e-02,-5.088089880991781416e-02,1.484662067038967637e-01,1.727156693387095487e-01,-3.636147075343049706e-01,1.771136935712353255e-01,4.850575681876333894e-02,6.223008223995856181e-01,1.026936481458741307e-01
-4.864871390951843594e-02,-7.597810596168294399e-03,-1.993713570610884320e-02,-7.930284847548250970e-02,-2.362473404099572905e-01,1.340873120070717184e-01,5.158278349522384121e-02,1.259090926388779091e-02,-1.969316597423327597e-02
-5.405986016311703501e-02,1.980230475246644306e-02,1.049922584073381682e-01,-1.318026273262701276e-01,1.663324089239069659e-01,3.227876181122917628e-03,3.627926508836951374e-03,-1.036576553632963804e-01,-5.429953947168082024e-02
7.131474015923712495e-03,-6.641039738418259841e-02,-6.641168672498314052e-02,8.387328401704624570e-02,-2.779097124190024193e-01,1.183707940272455406e-01,-3.819745496726999895e-02,-2.157835423694036137e-01,-1.024957904193015551e-03
-1.989841838509220570e-02,2.703871016071302674e-02,7.810800551507782186e-02,-5.215602507331375259e-02,1.668205708487049133e-01,-2.796108860371727955e-02,-2.384222661495389445e-02,-1.026293992027639823e-01,5.586957496901264961e-04
3.024052504862531632e-02,3.085712648573360473e-02,-3.692331172228748709e-02,-1.163179480001064192e-01,-1.667939855347255473e-01,8.777653459189017904e-02,7.121776693722322443e-03,8.525802207578491582e-03,-1.935773790042313869e-02
1.835436603923046306e-01,-6.644881699399808606e-02,-2.215259368997658240e-01,5.686658060136769860e-02,-1.002576237851897714e-02,-2.873849263286277211e-01,-1.729644787410599960e-01,-1.974950888710953756e-01,-8.262506375587463925e-02
5.953729058467588375e-01,3.830600498451217778e-03,-1.069218149327245126e-01,3.912822325972338255e-01,1.986640010447138505e-01,7.679932202313030642e-02,2.054248433609654756e-01,-1.680214698066904155e-01,4.794304668280989501e-02
-4.770662363397175365e-03,-1.144087753229821036e-01,-9.766816597959653012e-02,9.365817206774257331e-02,-4.399384772360674656e-02,8.805705662244653342e-02,-3.627552095459149473e-02,2.335964072983534243e-02,-2.202135067566163285e-02
2.962595314556108750e-03,8.539254335395335405e-02,-2.116362046697248950e-02,7.014663075466153266e-04,-1.342421217219135210e-01,1.260386269305138474e-01,6.885058027737968323e-02,5.831245634312051118e-01,7.501456300596448523e-02
2.968153761597806112e-02,2.296254338155551480e-02,1.559824651230924952e-01,3.336182953612419101e-03,3.677648755050748064e-01,-2.090243569431562698e-01,1.382526847653620106e-02,9.719004122318589123e-03,-2.856873739940955434e-02
-4.747876147634644273e-02,1.704253230473048303e-02,-1.260198188494329186e-01,5.587115454694466937e-02,-2.430543502197703154e-01,2.978299321144045261e-02,-3.326090403709799220e-02,1.438289735934858427e-02,-4.962871645534383536e-02
3.886266680729222323e-03,-5.220728448052551485e-02,-4.367644230708016967e-02,-2.902537802736918776e-03,-1.181841599430948075e-01,5.878635490817273046e-02,-4.914855908985350103e-02,-2.274875877978251582e-01,9.829983670604485607e-03
-5.412272616599732300e-03,1.455766364435349264e-02,1.085901223304015367e-01,-3.904235139564565110e-02,2.743453153263155087e-01,-2.514531412383631467e-02,-2.290264367649240407e-02,-6.308957154064301354e-02,-2.656202930664377029e-02
-5.541801683789478877e-02,5.828435061736009226e-02,-5.320257334680196515e-02,-9.997597088565729484e-02,5.308052161612387965e-02,1.027496762592934598e-02,3.066877305278528990e-02,3.396672496257857610e-01,4.641536924829858801e-02
-9.074590453331066175e-02,1.897480670412959175e-02,-3.828037438256357700e-02,3.379938516070947994e-03,-1.012830254713900507e-01,2.795203391898657547e-02,-2.291097645752782075e-02,-1.609501889457424229e-01,-3.503468430847941906e-02
-1.205456670759513793e-02,1.801279028780059660e-02,1.096186194149776777e-01,1.479705084567178863e-01,5.149600716743263362e-01,-8.211783486906255869e-02,2.472947768847503502e-01,-9.437302149827811459e-02,1.034146175923800898e-02
-9.739584489296815306e-02,9.994385803857501124e-03,3.067263235074895594e-02,3.540338638108513070e-02,5.218989909330146171e-01,-7.756050232812632117e-02,5.178541419019420944e-02,-9.540031636711791829e-02,9.634705163390610422e-03
-2.128973666492819244e-02,1.923048901652638087e-03,-8.013756973937978534e-02,-4.860066200879996356e-02,-2.441352635877323263e-01,3.110292674216726463e-02,-4.447892275211652591e-02,-2.134850634951439008e-01,-2.832467896316848838e-03
2.010659769105006822e-02,-2.788585153201388056e-02,9.046512360350474069e-02,-1.479700516955187728e-01,-1.972458852317686973e-01,1.558397103090666536e-01,-2.333934320364559889e-02,6.332909274882094763e-01,1.075862934738693044e-01
-5.631673088903547952e-03,1.814408732978749217e-02,6.129918032398232186e-02,-1.505201469617524490e-02,2.643476489495103499e-01,-7.361240284400610845e-02,-6.073097625555146269e-03,-8.114337366680438729e-03,-1.257016501729450730e-02
-2.876977639771004583e-02,3.362063679000056732e-02,5.905729875508094334e-02,-8.237185263799275126e-02,1.706120677616832781e-01,-1.096605382240303100e-02,-2.147773321723889586e-02,-9.895206033905579179e-02,-2.183277903139486768e-03
3.512898030878569555e-02,1.144715485319728124e-02,-1.212345955723381774e-02,-1.387162783469501337e-01,-3.675205208535735624e-01,1.004637102460015363e-01,3.319676537897495172e-02,2.168318725937592312e-02,-1.934118498891356994e-02
3.703158511370684830e-02,2.232389754494492132e-02,-1.082264760103489459e-01,-9.512293701784507033e-03,-2.662672857362927692e-01,1.232443042407108946e-01,-1.302226841118600195e-02,3.052326255964321611e-02,-2.910683671186956728e-02
-7.490876537129731449e-02,4.662695989098449706e-02,-4.977489635448836131e-02,-3.776424946182122683e-02,-1.293266685094891510e-01,5.960779381527133575e-02,4.189254928080161228e-02,-1.879928091381129207e-01,2.204150890010513064e-02
-1.813596165029185414e-03,3.079637616318435522e-02,-4.662950051966167908e-02,9.260773104628823582e-02,1.373173897727614778e-01,5.563378965340191190e-02,-7.794671259864812372e-03,-1.028791382283506320e-02,-1.884999530429818521e-02
-1.237010931538497227e-02,4.389629019375537733e-02,-6.761986898298232018e-02,-1.061735084423617442e-01,-5.429116292816722061e-02,3.298540820021710063e-02,-1.046084697952582784e-02,4.391797311950385030e-01,4.038139210845386601e-02
-4.976787373503367695e-02,1.709973258329994944e-02,3.875351906053352974e-02,-8.105523088104317486e-02,-7.618099213307279183e-02,1.996129514010885550e-02,-2.553013650110612029e-02,-1.414225671558329844e-01,-3.081388539102460078e-02
-5.157481515691550444e-03,3.809105248239238323e-02,8.738429341842195164e-02,-9.612168933970055562e-02,2.463424937441236473e-01,-7.160056892361135739e-02,6.627982558917612510e-02,1.942775694724350327e-02,-1.707107847223853642e-02
6.792234146320033639e-02,3.487547200656536395e-02,-3.474283782556834843e-02,2.449481202372394417e-01,3.961291818834752343e-01,-3.042189444603756732e-01,2.703216492027664675e-01,3.899618684055635165e-01,1.187136263230460093e-01
-2.313976462006585993e-02,-1.341030933693177808e-02,-9.764776834280816664e-02,-3.028154404890097406e-02,-2.658434766282933293e-01,5.157232395374762579e-02,-2.483553197326525408e-02,-2.292939661492756631e-01,-4.355973807991379496e-03
1.510242236449949732e-02,-3.422250389653642283e-02,-5.344697533946996676e-02,1.313522749824804214e-01,-2.908592679608789644e-01,1.342668552850593833e-01,-3.351300763196888438e-02,4.320802052616184996e-02,-3.062761393965532375e-02
-3.965338282483814314e-02,1.026991644287350222e-02,-6.062669099208022050e-02,-3.666044752851193439e-02,-1.916274764323310786e-01,3.168995917453942823e-02,-2.440105369094287824e-02,-1.451788525249779194e-01,-1.789087713165360416e-02
5.636721133557518471e-01,5.365459301160074163e-02,2.272078700244486993e-01,-1.604698225275154877e-01,4.471042379352545282e-02,3.018013364973937129e-02,-2.302328289409596995e-02,5.633064974622863375e-01,7.383885485596124176e-02
1.530208940304370047e-02,1.700777420070448062e-02,-1.249487478745766808e-02,-9.555485823620397945e-02,-1.604806092338754986e-01,1.235538409932087217e-01,3.412923149380160583e-03,5.572735797894725653e-03,-1.977408074053920231e-02
-2.992300106432770404e-02,5.978885690984678258e-02,-7.408073421433164496e-02,-1.645319766713866927e-01,-6.433188371212469892e-02,5.195313056409062158e-02,-2.478548495762701587e-02,4.612719403412788299e-01,5.126455276664934613e-02
1.272445463859267489e-02,5.348845777141732205e-02,-5.729682481763428981e-02,9.067690512183169960e-02,8.034883353358050762e-02,8.396962104436186958e-02,4.806490248237689500e-02,-5.951822982524491296e-03,-2.445617976021908016e-03
-5.245329693774312962e-02,4.831340372408667039e-02,2.340267756525132511e-02,-1.070693408287912846e-01,9.525530130927638284e-02,2.423893601080726393e-02,5.804754703267231419e-02,-1.163351187766160921e-01,2.183436849555149203e-02
8.097674070696447846e-04,-1.414543866243156978e-01,-1.636388153306363516e-02,-1.238105892129538477e-01,-1.596535432633485740e-01,5.819221390975961444e-02,-2.945279136116778218e-02,8.253516241656756042e-03,-2.133323035103876913e-02
9.810607219111894262e-04,2.403146003328631569e-02,9.713591795241723059e-02,6.095891851723367338e-02,2.417421632351887395e-01,-1.281673395171583907e-01,-4.663733007962857224e-02,-2.321406552426162270e-02,-1.500460683297191039e-02
5.613450930527660865e-03,2.657591846885365428e-02,1.106559657499577576e-01,-2.099690546216593720e-02,1.670688866245011728e-01,-2.600761677885042936e-02,-1.592874849540374879e-02,-8.043405337318319109e-03,2.698584588141074436e-03
-2.949745421909838461e-02,3.254662160885839206e-02,-6.533215295257320532e-02,5.501159418214632973e-02,-3.558763826789245605e-02,1.080514266510006621e-01,-5.165067000354511134e-02,-1.842585901263654735e-01,1.166674427878820579e-02
3.819091252670698405e-02,1.716032143782761712e-02,1.509204827061307319e-01,1.474170888485238640e-01,3.222012971413751869e-01,-1.417757577723306739e-01,1.484568378569497971e-01,-4.856405701986440254e-02,-5.050760065486292229e-03
-2.530126175588901655e-02,4.236158122394314413e-02,6.329122461544141320e-02,-1.056030570785145561e-01,1.421844894401875226e-01,2.114558201049646785e-02,-1.470259506036602527e-02,-1.126875559152179518e-01,7.659244692721691589e-04
-1.896181459139528735e-03,2.568741956827723036e-02,1.117976553047608651e-01,-7.216428653039935748e-02,2.352089985390861115e-01,-3.540084956746240158e-04,-8.306242667271635655e-03,-6.865432542212127065e-02,-2.483995857639683877e-02
-9.852423383632853693e-03,-1.108934075021680496e-02,-8.173760049443909437e-03,1.272675101871913461e-01,-3.579296021253493554e-01,1.906283468586792429e-01,3.834001428625058439e-02,4.693537848482703251e-02,-3.335363603183735121e-02
2.461139049760938807e-02,3.263841449445668147e-02,1.242004772418341257e-01,7.471523051166398255e-02,8.169615364215145059e-02,-2.145541977610231354e-01,-6.212233275899473571e-03,-2.606004954751820965e-02,-2.663366046975119278e-02
4.398811898268122078e-03,2.929970062881814136e-02,1.338955585517373204e-01,-2.181125633326902458e-02,3.091116439881808065e-01,-1.545374616175771709e-01,-1.262351595789252753e-02,-1.720197128492690145e-02,-2.729262558824663981e-02
-5.508980692177984501e-02,5.983176136216402513e-02,-7.423212678721624602e-02,5.547151533345725388e-02,-1.943173338521628213e-01,1.713130129053299505e-02,-3.125307189185349416e-02,-2.169856510773036651e-01,1.338719447138940130e-02
1.600753887585994184e-03,-2.270273267740882672e-02,-5.297746864255410693e-02,-1.209434446142689662e-01,-8.324530883117144120e-02,9.760062642221069285e-02,-2.209286292271306004e-02,1.274462794675119449e-02,-2.407896044860699525e-02
-3.679181806987037034e-02,2.791238816565891692e-02,-6.329676590638151634e-02,5.414360875591995442e-02,1.145388789993849292e-02,1.008114114829472691e-01,-4.593171239387062316e-02,-1.694760815685704136e-01,-1.361469509332841402e-02
1.890969193777465585e-03,-1.296817398875624583e-01,9.820583289725709486e-03,8.106844340891593281e-02,-3.301655400424962084e-01,1.372809259470790799e-01,-1.088742704843248185e-02,2.049509201102725497e-02,-2.043805751469104925e-02
1.211799455873135284e-02,1.443228763461628858e-02,1.977351261772924279e-02,9.150187211940502552e-02,3.591660072112545232e-01,-4.084873641206925032e-02,-2.601399376065960042e-02,-1.168230848019677637e-01,9.363154497086273453e-03
-9.820284908209134939e-03,1.373935475389610750e-02,8.542960074915005586e-02,-1.150338458619892396e-01,2.525753596223124231e-01,-4.129598427356966604e-03,1.989618595980753579e-02,-6.143963346911212459e-02,-3.657496111983403464e-02
-1.028602964212282922e-02,-5.156028653795160371e-02,-5.750893101170075072e-02,2.550667673279905651e-02,-3.249713561234494619e-01,1.174842121338709189e-01,1.868011091185330270e-03,-2.114110173903966661e-01,-4.064115939203605601e-03
-7.740866825901259601e-03,1.108502423801562414e-01,-9.198948331175745008e-02,2.086156928784669434e-02,-9.069340730253014349e-02,1.147514460049717522e-01,-4.687007318599711869e-02,4.334570979054370166e-01,2.182645260078445656e-02
1.627292482401170026e-02,-8.290837461326909519e-02,1.300530094650396984e-02,7.425544118652077641e-02,-2.986544564037125205e-01,1.095548668656025071e-01,5.472971372276776852e-02,3.285487126875371450e-02,-4.024666696461662307e-02
-2.418986201623328156e-02,-2.583784821598487935e-02,-4.968419574941723010e-02,-5.473079679152442062e-02,-1.827601736774225050e-01,4.688136182960475629e-02,4.283884188945268068e-02,-1.930785138050892524e-01,1.986628705209918244e-02
2.304114272473530706e-02,4.417336538918909677e-02,-2.910372170516201465e-03,1.153052745213259678e-01,1.383988486877125446e-01,5.509733089127585165e-02,7.697107423608379184e-02,-1.243103580027228316e-01,-2.807287929551525660e-02
-4.194168808255063080e-02,3.845370486993617692e-02,6.726863945597764613e-03,-2.789805211363326209e-02,-6.286208644258014719e-03,4.595641537359552997e-02,-1.155174011601105971e-02,1.417559980878988803e-02,-2.274204146850201946e-02
2.535131104368841537e-02,-9.602282229120602530e-02,1.034834027238751147e-01,1.318495570390914584e-01,-2.219246461301566387e-01,1.138446170448487310e-01,-6.347640522389062789e-02,5.823812672771101484e-01,1.054416985372819693e-01
2.764503927079462603e-02,1.177495098737866078e-02,1.681124748657975843e-01,6.937979874572171302e-02,1.568920555406412010e-01,-1.806419747709665236e-01,-3.755728750477824174e-02,-7.798689955793744466e-02,-2.436701976868604555e-02
8.716689080206868612e-03,-5.372615457088176366e-02,-5.585111075752070137e-02,1.293152378558784787e-01,-3.000807465224987758e-01,1.253838977530628285e-01,-4.382208339818230436e-02,4.265450062100136636e-02,-2.749423074568548009e-02
3.042875436903350744e-02,2.738771924284827755e-02,7.768665986718045757e-02,-7.996846721829875548e-02,1.520829809431047119e-01,-3.630664079994078142e-02,1.123984038853454923e-02,4.747512165338729426e-03,-2.354593416634532393e-02
3.638718206533046035e-02,1.197569606266939493e-02,-3.522521128962253362e-02,-1.204221137649865714e-01,-2.010798811182999135e-01,8.750090956475053972e-02,1.135791005313926960e-02,1.710880438446817781e-02,-2.299470528006729991e-02
2.723956827544381926e-02,7.540307309256692736e-03,-2.735869936157201560e-02,2.534912478369434966e-02,3.624093110375549709e-01,-8.752481894611970764e-03,5.445182557519349931e-02,-9.508024280500543268e-02,-3.862182932675242708e-02
2.240732620100376049e-03,-6.546928086829573168e-02,-2.315330995137375100e-02,1.302015864654693655e-01,-3.844216218555402964e-01,1.797374619107899307e-01,-2.171495198264774412e-02,3.372366901924685190e-02,-2.600215204731218949e-02
1.125759192121503216e-02,1.597115172596559954e-02,-2.787884706715567512e-02,5.016106874761839390e-02,4.501591240811118055e-01,-2.975557340198158734e-02,-2.534200826526750161e-02,-1.054611927663375859e-01,-1.438977439000848485e-02
-7.725959668763868193e-02,5.608547537864026766e-02,-2.751379299667911990e-02,-4.587473720771867436e-02,-3.686199076454493850e-02,1.624952381003672876e-03,2.577023148551464693e-02,-1.652336496172680802e-01,2.728993448487943008e-02
-4.319617706306712324e-03,-2.433581831259654105e-01,1.203671901054857163e-01,-1.168577456169628964e-01,-1.686696969276027802e-01,7.583421611151697217e-02,-2.126722033024721834e-02,5.427910465101404291e-01,8.663694346802575108e-02
-7.733475972720862263e-03,2.776197601468961482e-02,-5.543331807430484232e-02,1.143489863592244277e-01,2.937103487062049378e-01,-1.875598967953893692e-01,-6.672255489017284158e-02,3.306873569362580034e-01,1.505661021230653498e-02
2.557422649261673758e-02,-1.425827417722236659e-02,-2.569513557904527443e-02,-1.517158104138269237e-01,-1.577400812671649888e-01,1.521941085682207428e-01,-1.837272164983943037e-02,5.225490784044156678e-01,8.615054811426385573e-02
-3.965431408276424985e-03,6.704915052463156222e-02,1.127050095230388085e-02,-1.902302443438194657e-01,-1.661255126538141447e-03,2.834674825587324767e-02,1.774055789931425209e-02,-1.240035258653824635e-01,-1.587400592529469162e-02
-4.436277296748787624e-03,1.127818271841503350e-02,-1.257985947555196882e-01,-7.009201656654470702e-02,-1.223334433729981741e-01,6.470781833753874723e-02,-2.757549360465436777e-02,-1.559480708139902583e-01,-2.191407594931801817e-02
1.012141617454054981e-02,-3.325264141393728667e-02,-1.330940258357052042e-01,5.114194222215924512e-02,-8.324745856243224995e-02,1.094424732817070867e-01,-2.969705583917951058e-02,-1.601679261564055157e-01,-3.056230750214308789e-02
-7.378104979649852124e-02,1.989699631944174402e-02,-3.132701599210624410e-02,-3.760597868834344992e-02,-6.776977246386259313e-02,5.366979511478348064e-02,7.938096329673301199e-03,-1.404800991806983423e-01,-4.950314026142636770e-02
-5.313729550822571257e-03,3.157710402654042431e-02,-5.443021023229122762e-02,1.493899259243957889e-01,3.197578510743607771e-01,-1.927666526294889715e-01,-8.576044936482567216e-02,3.378974167458886901e-01,1.101313254662921251e-02
-2.969076565687102376e-02,3.666053399103479278e-03,-7.414300715975047362e-02,-4.623098960734667306e-02,-1.664185550748887299e-01,1.520192141229700644e-01,-1.576483087736877189e-02,-1.497335719176021984e-01,-4.020524803188343932e-02
-1.444135219613118526e-03,2.602437288331807541e-02,1.765170028808835390e-01,-3.269769593962428694e-02,1.291167772924084745e-01,-1.528286401258693028e-01,4.049401048331391362e-02,2.543517552014617003e-02,-1.926448241794216296e-02
2.585859731179751542e-03,2.777924938289991902e-02,-2.310883214596721330e-02,-5.701031694128100985e-02,1.475631839883409790e-01,-1.981404647098201910e-01,-1.602216610832830554e-03,2.137095803915865233e-01,5.764913456255779667e-02
-1.129759001640201488e-02,-5.093058682638485803e-03,-1.762666367505859311e-02,-8.149132993574886852e-02,-1.304154102013902750e-01,4.404940206422987281e-02,1.583708066740149162e-02,-1.764100554230816353e-01,1.585709440484940960e-02
-3.354748401066393049e-03,-1.431257961010441900e-02,-9.964515326081958835e-02,2.157020426760360848e-02,-2.792354857683296832e-01,1.248320660305223539e-01,1.676008363402205562e-03,-1.587741652816120619e-01,-7.465249372542731229e-03
-1.296205626995762875e-02,2.271364420279856772e-02,-7.110647115661272721e-02,1.209275389932798483e-02,-2.476958988079182994e-02,2.617434324873489301e-04,-3.353372411851198581e-02,-1.570278475431814702e-01,-4.474066089559351062e-02
-2.464963248744583488e-02,1.941836963310128450e-02,-2.671240509753783007e-02,7.945448253827089302e-02,-1.595662394715937314e-03,9.007651657784095101e-02,7.916462867077259796e-03,3.726993161639462204e-02,-2.468971612495148710e-02
-2.149814244887558040e-02,4.739382703345286843e-03,-7.033505637039035030e-02,-7.294422190920223092e-02,-1.554687844768077865e-01,8.331299970015183104e-03,-4.629138855072885417e-02,-2.025947344645504244e-01,5.410858268184323000e-03
-7.765173785772844228e-02,7.128893391598964055e-03,-9.179449800657667191e-02,7.749916593700882650e-02,-5.503395730144682724e-02,7.599605956759353242e-02,3.810239482676935213e-02,6.088151229338501294e-03,-4.296632910722363030e-02
6.851639089824571038e-03,4.607739378040341671e-02,1.364525181195504894e-02,-5.714140425535250978e-02,2.114068266621070002e-01,2.461805009933572957e-02,-2.738314863615154068e-02,-8.613165462240285342e-02,2.919842979270547909e-02
-2.183276147488463770e-02,1.871675349545792733e-02,-6.300892528993569386e-02,-2.337080651712376139e-02,-3.509097686642782543e-01,8.225080128160446036e-02,6.226163858636503748e-03,-2.159293907392504930e-01,2.055925238828749599e-02
-7.530117762201540832e-03,2.781991110838179931e-02,-4.061231144896110083e-03,-1.452789973759552045e-01,7.370024356665834386e-02,3.557970911342768494e-02,-1.299864141001469756e-02,1.444410406614814874e-02,-2.263476745581756780e-02
-7.436581704632766465e-03,9.036912234675628999e-04,-1.204569738248276595e-01,-3.898491546423085187e-03,-1.266255239815493316e-01,5.252688219863919927e-02,-1.384839947260033816e-02,-1.751320741970446293e-01,-2.073376391486576875e-02
8.239252381839902439e-03,5.002351778822521078e-02,-4.738579501742359867e-02,9.440845973054978746e-02,1.135025915442004485e-01,7.679419756660016416e-02,6.068799482229801645e-02,-6.906004535063882399e-03,-3.698205019022160131e-03
-1.646732689354507562e-02,2.806339734306345299e-02,7.020801207509001426e-03,-1.374182611785769170e-01,-8.401780770096697881e-02,5.604265186728708825e-02,3.732468412272490956e-03,2.311796028776063466e-02,-2.141593906787474938e-02
1.209070632515066301e-02,1.183709046960112338e-02,-1.391868955077286973e-02,1.384159169902374753e-01,4.203764579695393744e-01,-2.002086705408751555e-01,-6.280151496657603027e-02,-1.018843246728833377e-02,-3.452967418067984240e-02
6.895992868432086753e-03,-4.767312933617560977e-04,7.633729736594155324e-02,3.232899717313667542e-01,5.178805393642553767e-01,-9.509832278764739077e-02,1.890200422966173965e-01,-4.155973387484454551e-02,-3.000834966745111881e-02
-8.593113115027775639e-02,4.037523149143148332e-02,-9.025231277487347215e-02,4.140827532656608106e-02,-1.957024714164138923e-01,6.174815046581778183e-02,-3.326928261731058878e-02,-4.709443876845046013e-03,-3.770024710881803715e-02
2.032759310809203329e-02,5.512234194628475026e-02,-7.112519810948945975e-02,-1.206674971130070051e-01,9.715965654850299005e-02,-6.146381381253106235e-02,1.322386325331081219e-02,2.490350483182580954e-01,5.149815364969922982e-02
-1.153655534611638944e-02,-2.104121573993675103e-03,-1.176830251688019136e-01,7.910581626808126099e-02,1.054103222573027770e-01,7.221473908391852492e-02,-7.494534495922296029e-03,3.480476853134229498e-01,2.843039535574376497e-02
1.764044978513943512e-02,-3.658140224452086087e-01,2.755908719073271729e-01,8.751022913000940096e-02,-1.290400178969527134e-01,9.053120845822340557e-02,3.276712402665900997e-02,5.887947022982300549e-01,7.590237436102086066e-02
1.395871994648856251e-02,-1.391752518634538083e-01,-1.860347542486019343e-02,-1.577727934532309195e-01,-1.757311760745054463e-01,6.330920681765389579e-02,-1.199626446830195231e-02,2.325486440854587430e-02,-2.683835848890953404e-02
-1.429207307814317832e-02,-1.520826833596275740e-01,2.387399275541926824e-01,7.200325373165489262e-02,-9.695365923882594272e-02,1.156616624424766232e-01,-7.847559007904711392e-02,5.850005555161318371e-01,8.185849122924816756e-02
1.449626106476151199e-02,1.635642915387575287e-03,-6.252788006261524034e-02,1.131977060586214084e-01,3.077792087797784348e-01,-7.036993244552001980e-02,-1.397654954171074874e-02,-1.337933864001450424e-01,-1.787643597093192122e-02
2.162447269803333821e-02,2.181812734570765314e-02,-1.213391250986898054e-02,-7.646208127049938796e-02,-2.259371509005477230e-01,7.299400386109292094e-02,-8.835957010439200038e-03,-1.959830473008461194e-01,1.766746824613164846e-02
6.203855965478649592e-03,4.617125788935634578e-02,4.700450232311607565e-03,-2.016550759427277462e-01,-2.953327318452415584e-01,1.343512589285918990e-01,-1.273955674995740431e-02,5.818844138442108571e-01,8.790365554016844885e-02
-2.734239936037316521e-03,-1.130487973697597709e-04,4.554935801837830395e-02,-1.548585100727274400e-01,-2.023299620730564519e-01,1.297817604156091820e-01,-4.835554242491844207e-02,6.057043980173024700e-01,1.011330170112675897e-01
8.302186782974646517e-03,-1.076155446705126112e-01,-2.312739776135501468e-02,7.815201094189272446e-02,-1.411171643336021075e-01,7.241143612409868535e-02,-4.048002973569941876e-02,3.238160980942230566e-02,-2.104303714405329762e-02
-3.778191508163557949e-02,-3.906452228711358721e-02,-9.621924280239224636e-02,7.032510261107528804e-02,-1.475956063407309060e-01,8.357294972572065772e-02,5.132697246137941927e-02,4.207069286165961153e-02,-2.778853196838488790e-02
4.008641211654540015e-02,2.820241655654737167e-02,-3.431002135866026426e-02,-9.660290583869121650e-02,-1.643491805872866196e-01,8.896295323286448897e-02,-1.238071461135729218e-02,1.077289888907280793e-02,-1.915916678857886371e-02
3.256752529759576048e-02,3.392714391264407825e-02,8.767911117920069997e-02,-9.340569219807724755e-02,7.530553955932151045e-02,-1.939885136612234245e-02,-8.423530119722560244e-03,-1.663437219743158640e-02,1.728994594591241451e-03
-7.418512134487562082e-03,1.612335428956259559e-02,5.702018769517039169e-03,2.196917240995440723e-01,6.091530094561542485e-01,-7.278650321739003892e-02,2.574364790553818616e-01,-1.427372685145173736e-01,3.135258641237365085e-02
-7.510339140197469510e-03,4.816672248919586646e-02,-1.013014191000290512e-02,-2.178722990571801271e-02,5.871405152425115265e-02,5.689771110895603529e-02,-2.213793921259248759e-02,-1.279715255893293380e-01,-2.792838705075346289e-02
2.301839916286935184e-03,1.238357065257347095e-02,-7.600862513856580793e-02,5.943400938634477160e-02,-5.498999038380054938e-02,9.472696985586705198e-02,-1.992344519116041879e-02,-2.387933151678199584e-03,-2.940110381813867968e-02
-2.766816805430972748e-01,-2.278062663094869433e-01,-2.164225283677259637e-01,1.219787894804326943e-02,-8.094340684980383394e-02,-6.519085773127741845e-01,-1.515876055952929125e-01,-5.109140787443647996e-02,-1.059305827138826844e-01
-2.380907882537246223e-03,1.091111724464496890e-02,7.533024878941831093e-02,5.892454809628955292e-02,2.468210344402384238e-01,-3.897122239042077191e-02,-2.968519438044832023e-02,-9.706713225754594332e-02,1.396540582525944083e-02
8.332036500050146732e-02,3.208053930785260272e-02,1.852191154301197074e-01,1.485842805525940391e-01,3.179144179293998951e-01,-1.697257876257071696e-01,2.248809787849970765e-01,2.397812497277285876e-02,-3.583606299888046631e-02
-4.710412257983712103e-02,2.740103763857812402e-02,3.798707787454541629e-02,-1.328311538862449181e-01,-2.981309147009125748e-02,3.317642072811428228e-02,-5.347838519614107541e-03,-1.238337398601016132e-01,-3.036932915443228687e-02
2.798584149984820191e-02,5.194584511170206170e-02,-2.259795502330803202e-02,-7.873119385524221525e-02,-2.536980013745496199e-01,1.404036816404541643e-01,-1.727389566694930573e-02,-2.014298507911523872e-01,1.613854859138113412e-02
-2.127137847977993157e-02,2.889548247439100576e-02,-4.673899976418374562e-03,-1.728878692970536590e-01,-1.840374598141376050e-01,1.265134922091568637e-01,-2.887048628595134843e-03,5.648491560666272226e-01,8.236069754075021898e-02
1.642790992963021057e-02,-4.355670414956667319e-02,-2.855345653098017439e-02,-1.130866355930440492e-01,-2.368979421191745594e-01,1.132195630608096582e-01,-2.941724535125114087e-02,6.502791697617677120e-03,-3.379014253716857569e-02
5.341512797701920834e-02,-5.299089044700571599e-02,-2.821467138560759466e-03,1.454911149747761256e-01,-3.299772534699489945e-01,1.728153082752336422e-01,1.215023305033378354e-01,7.283200936644730616e-02,-3.324776986356645092e-02
-1.021436132354663906e-02,1.902583045847996632e-02,5.490496041810526834e-02,8.744476999740091738e-02,1.989451553870198730e-01,6.417000829763996883e-02,5.757079975571601643e-02,-9.419803295113025887e-02,-1.422635320650917495e-02
-4.500889079557042483e-03,-1.040877560064022711e-01,7.728080067725939806e-02,-1.045222750196145300e-01,-6.012072006905719301e-02,-9.130332463372139995e-02,-2.389516053401997270e-02,2.448153502742450929e-02,-2.676753829455091882e-02
-1.216104922607729594e-02,-1.414253299390635238e-02,-1.166363033487328033e-01,4.996647062024010821e-02,-2.557837039582164795e-01,9.497083109222534403e-02,-1.790535418702556003e-02,-2.478005274705411543e-01,-2.263120484893152082e-03
-2.470869418572150394e-02,8.870090744660667770e-02,-3.738209632200201887e-02,8.874365654488691746e-02,-1.233812792430381555e-01,3.197846359066249672e-02,-5.651095659455779990e-02,5.801793441339915258e-01,5.330179680496578698e-02
-4.975907735093410694e-02,3.459179766195299641e-03,-1.259673806276937272e-02,1.436694924048931288e-01,5.223473220093114433e-01,-4.951982908298284414e-02,-5.454140564454874884e-02,-1.414793601628274722e-01,1.580556609431311640e-02
-2.834240676666671330e-02,-1.412031223624959052e-02,-2.550078602197277527e-02,1.863029877851227478e-01,4.749979430498727506e-01,-2.139923526477954530e-01,-1.174741642648975265e-01,-7.639042881703268784e-02,-4.768018584503304347e-02
3.392434480601543706e-02,8.473414341893999169e-02,-6.810657204592969471e-02,7.531703866531862246e-02,-4.142324594797062998e-02,9.061719913116943192e-02,6.854214584930895526e-02,-1.056537648563881174e-02,3.650250857311600899e-03
-1.004856391221446016e-02,5.084919010584546505e-03,-3.626604316939457950e-02,-1.472986376187690738e-01,-2.938401654861749202e-01,6.392104224677352953e-02,-1.024151824531516208e-02,-1.552613434939395520e-01,-4.080293794860326284e-02
-8.252165552874696219e-02,7.129377167327473341e-02,-6.730971585008647950e-02,-1.605218781995928212e-01,4.189607896466576026e-02,5.958476489837032097e-02,6.696264102542037744e-02,3.767327004509816724e-01,6.047503974534099852e-02
-1.416641924778610714e-02,2.794680676028300087e-02,1.636273505024265704e-02,8.183041994593437396e-04,2.370752007061438793e-01,-8.021951292734590122e-02,-2.842652944830204031e-02,-1.189678769139572850e-01,-4.298937628843950073e-03
-5.912911550758295776e-02,6.225527339339961830e-02,-5.317469673785613082e-02,-6.869534004217990597e-02,3.930464539521683065e-02,-1.545417763993497604e-02,5.126486116576765145e-03,3.411811030879172146e-01,3.987353774200058654e-02
1.298944111048631889e-02,6.795079455187627571e-02,-2.556576565347075392e-02,-6.785925328753719676e-02,4.145962883509875935e-02,7.410750788405875977e-02,-3.308005546791747964e-02,-1.408345347188324215e-01,2.269837480215800354e-02
1.984566432039544526e-02,5.265318097486086646e-02,3.671027070334151321e-02,-1.028057446531982222e-01,9.564458045023421784e-02,5.896835778380139781e-02,-1.007244215066007559e-03,1.648106353048470543e-02,-9.845031087804184677e-03
-9.649617713031971578e-02,1.129160318001799779e-02,1.197523979870747726e-02,8.586836119463318179e-03,4.344405205021539818e-02,6.508692855952633027e-02,-3.314766784760330570e-02,-1.659898506279530728e-01,-1.731232343306618807e-02
3.888823109273898543e-02,-3.552115256779712731e-03,1.264196011250512952e-01,-1.373072105034713608e-01,-1.159267939385175417e-01,6.939403905239072134e-02,-4.644285400266501274e-02,5.611985718578039739e-01,1.046425784613699284e-01
-9.142609172693050290e-03,9.160471351004211699e-03,1.096696260340718765e-01,2.240645738880314014e-02,2.094510377381471888e-01,-4.587445315990652805e-02,7.532324872851787340e-04,-1.001557822153119337e-01,6.784200628583734322e-03
-6.063676664739003908e-03,-8.476222179218072250e-02,5.722355670592792209e-02,-3.075584057973961838e-01,-3.601281872165520981e-02,2.037333249602288170e-03,-9.922373675253413905e-03,2.804982277236522589e-02,-2.449409466808925503e-02
-1.787937428601206816e-02,-2.109352550544009788e-04,-9.120920485247761833e-02,-3.405431888938427465e-02,-3.483813379791728670e-01,1.397511395640996246e-01,-1.532164119275671380e-02,-1.675387282026339908e-01,-8.070120526285532586e-03
-9.329808583657506205e-02,3.501831541275453319e-02,-8.964510235298299434e-02,4.745103524761303676e-02,-1.271152727278099526e-01,4.988315261619544888e-02,-4.236754868846268063e-02,-4.203983343620283815e-03,-3.943576279700922865e-02
-4.643743202843719775e-05,4.110509691558886236e-02,-9.238650289268079963e-02,-9.697326296866662365e-03,-2.736191610844866950e-01,9.944257739393244644e-02,-1.914878082503048556e-02,5.101403960810282912e-03,-1.759861126858447075e-02
-3.248084920887175236e-02,2.972038242067127911e-02,-2.230939660565776569e-02,-1.495577942012174255e-01,3.921591148832955648e-02,3.258813357696167118e-02,-3.123385542988892788e-02,-1.315493967768458644e-02,-3.192435729134059791e-02
2.321959449421213961e-03,-1.343865671611080559e-01,-2.060328062969664364e-02,-8.829521100094453456e-02,-2.111757663393926954e-01,6.639775495781072290e-02,-2.425722260773181121e-02,1.886943274443701746e-02,-2.274108825659463748e-02
2.999397415029136926e-02,4.841746197365954379e-02,4.752449283726698642e-02,3.475575410157796807e-02,5.267689370638915097e-02,6.836316302644895870e-02,-3.093390084909537069e-02,-1.203795439649284621e-01,-3.281337642718461928e-02
2.526570427024706078e-03,5.141755438903501674e-02,3.979786738368965016e-02,-1.281316052776214076e-01,-2.883519264069631105e-02,3.898303818859396447e-02,-1.098494313097013279e-02,4.612784370031981079e-02,-3.257756605126432836e-02
-3.508336019242488946e-02,3.399074060401875014e-02,-1.840490861380453605e-02,-9.326516980701494985e-02,8.988687165328375361e-02,9.881989019109846395e-03,3.271025854786709791e-02,-2.913665291247170656e-03,-1.992453123399958240e-02
-5.068855399190497213e-02,3.437483138976887842e-02,1.717275079060343046e-02,-3.730986924451739489e-02,-6.348788777348537971e-02,8.368216230050616600e-02,-2.383408063667875193e-02,-1.348447214150357565e-01,-2.928940856643020424e-02
-2.844261141020917871e-03,3.100333944799770619e-02,4.329076120424422969e-02,-9.035558609107130490e-02,1.987141838077575162e-01,2.765277467600055911e-02,3.335608308601181737e-02,-1.124536633617172210e-02,2.076608937351948417e-03
-4.443005029129819955e-02,4.656981940688231444e-04,-1.206668913639373508e-01,-1.073117679038212806e-02,-2.734373178761453915e-01,7.127694501257726689e-02,-4.492947032480013037e-02,-3.000283678949238267e-03,-2.895336854378025015e-02
-2.009260094961111756e-02,6.001736564915031991e-02,-8.070568989906166946e-02,5.270197204685227177e-02,-2.696161106360248638e-01,1.154748972094958304e-01,-8.167335435008953731e-03,5.978237172973953628e-01,5.812756843694910636e-02
-1.324772224798513587e-02,7.400368885020339182e-02,-1.397270734538691092e-02,-1.538282917974931607e-01,-7.771566313950135918e-02,4.008613603081669780e-02,-2.251206678126954977e-02,-1.716449006794699417e-01,1.385250801955247371e-02
-4.217114653398390534e-02,3.540043124410225533e-02,2.758302776843672699e-02,-7.325251580184936884e-02,-7.613950886351189551e-02,2.069366239303991467e-02,2.255501721143012527e-03,-1.560861124355966134e-01,9.524389826958714472e-03
-4.307500081285706162e-03,7.714182906591550946e-03,-1.336150872798431422e-01,-5.817071915490346079e-02,-1.659511224294142051e-01,6.691624312686722531e-02,-3.334075187587198785e-02,-1.549689463624170371e-01,-2.016525913670007969e-02
-2.590372781422993487e-02,-7.571706149046648383e-03,-1.125657192467609397e-01,6.814654636078575946e-03,-3.000673027493442890e-01,1.196536795628803523e-01,-4.594735772755470515e-02,1.009219235107891403e-02,-2.237081405354869601e-02
1.339165715515525795e-02,-9.910287319428254249e-02,-1.340686764131987681e-02,7.994001716314744210e-02,-1.233564761248048258e-01,8.623590408369070925e-02,-3.474039325697558106e-02,3.596088066751817330e-02,-2.247000694641518997e-02
-4.437476715708667252e-02,4.439532191850344839e-02,1.945093444187842233e-02,-9.340964730826048501e-02,7.239905380429546844e-02,7.816557523336183436e-03,6.760626017819673650e-02,-1.226292809405556961e-01,2.514062624609483126e-02
-2.509355647943264239e-02,6.610574518759065356e-03,3.248669071445266926e-02,-5.363191386291552704e-02,1.311201101831855065e-01,-2.284770382359948004e-01,-5.022958740473746665e-03,2.242509691489357193e-01,3.517101915023983227e-02
-1.133570358507660081e-01,1.088691974212933067e-01,-1.041538142420587176e-01,6.409529453226264772e-02,-8.946219239975253257e-03,1.040293771679410700e-01,4.288379978262894798e-02,4.683331432739303857e-01,4.334920160333429612e-02
-1.356990668380135892e-02,6.272157681544109770e-03,-1.039900907696121590e-01,7.056579793450083737e-02,-9.803892633933863898e-02,8.532205089094442585e-02,-4.174131855531233032e-02,2.532324029457937685e-03,-3.907174887284930315e-02
-2.392903725198302148e-02,2.862254509189350593e-02,4.060400145502379710e-02,-2.548962632808240425e-01,-2.029634425369433171e-01,1.390091302257532579e-01,6.380041425565761981e-02,5.751230609469880628e-01,8.995089864927441337e-02
-3.369760879615509019e-02,1.817827027851329907e-02,-2.822667564250656153e-02,-1.108743432868303513e-01,-4.244220681014724272e-01,9.612902261704080187e-02,2.001594053596135545e-03,1.713121216838793537e-02,-1.901888556164938945e-02
1.298944111048631889e-02,6.795079455187627571e-02,-2.556576565347075392e-02,-6.785925328753719676e-02,4.145962883509875935e-02,7.410750788405875977e-02,-3.308005546791747964e-02,-1.408345347188324215e-01,2.269837480215800354e-02
-4.983251614160537357e-02,5.380236602874675228e-02,-6.376806721859987204e-02,-6.076600213137468842e-02,-1.129611818799888985e-03,5.444612616791373767e-03,-5.387458247355817603e-02,3.970840586924423987e-01,5.416951548160304358e-02
-1.635629388326367492e-02,2.149058327234019614e-02,8.800051368356104353e-02,-6.696047799879062401e-02,5.129113319897580375e-02,1.281176968561927726e-02,-3.761707615196030821e-03,-1.252818485439445573e-01,-8.150138676166557988e-03
-7.404749354232280367e-02,4.768592108865930823e-02,7.569044435068610077e-02,-1.014688541185376769e-01,1.343881808145947487e-01,1.994146422039569551e-03,2.474449532918104877e-02,-1.106100244660462861e-01,9.533304683464968038e-03
-2.309848481014611238e-02,-1.890352551022337624e-01,-1.077581622670330114e-01,3.782926729342177274e-02,-2.122804465123288575e-01,7.938546932221110519e-02,-3.227581222614068351e-02,4.481499470304993737e-01,1.300174602682865541e-02
-8.797997399248080885e-02,8.036783953182517759e-03,-5.338891879634741211e-02,-3.218984523643228512e-02,-1.854945883904953186e-01,5.224095983540139043e-02,2.933720502898918073e-02,-1.685069485319306282e-01,-4.088806307760793624e-02
-2.607325979827767454e-02,-2.658057991947630067e-03,3.070230827622504564e-03,-1.271976198902176336e-01,-1.098123532174420935e-01,2.117071497063376107e-02,-2.425495054266814041e-02,-1.697473313148974428e-01,-9.258184297187700695e-03
-6.567476246698171483e-03,4.555938196797207351e-02,9.924474327721501815e-03,7.261007291529443519e-02,1.287949074667152638e-01,6.587005885099134206e-02,6.494386333079328610e-02,-1.287110924990997052e-01,1.458728403374846827e-02
-7.271491194779662603e-03,2.105747973039343371e-02,6.857994673009377984e-02,-1.423916898265717088e-02,2.496976315890779008e-01,-5.610871767804085503e-02,-1.417586430549505269e-02,-6.992777689774022122e-03,-1.079352598022374765e-02
-2.150927759090556779e-02,4.960928258574814204e-02,-8.814789841306331850e-03,5.803081928020618202e-02,4.238325499175554095e-02,8.769713680574764414e-02,3.853241015917488466e-02,-1.439032508906953334e-01,1.981541608540076521e-02
1.995085154958688156e-02,2.153998384200450644e-02,8.540052358022633128e-02,5.458738139867483352e-02,1.803018899574758138e-01,6.515093009516825795e-02,-2.814378825813120683e-02,-1.015213230836189418e-01,1.534511151662951850e-02
-3.130957976155045175e-02,-1.036044808364806891e-02,-1.555770956865320520e-01,-4.705691591759639247e-02,-1.511649412690025396e-01,3.392599911665512835e-02,-1.552201426724003977e-02,-1.932223340482968621e-01,-2.266642347965687129e-02
-9.238129470970468660e-03,4.339774443929091813e-02,5.072798578770792294e-02,-3.269285671087718975e-02,1.478912373434992100e-01,5.215118770036728663e-02,-2.163395576958088845e-02,-9.932226425926732327e-02,-2.692657934531331870e-02
-3.636594035386262608e-02,3.491275243453734883e-02,-5.468762441669845070e-02,6.881005434152333289e-02,7.675234555476728726e-02,8.302642805818179206e-02,4.198176127469666064e-02,-4.688181520291867348e-03,-3.654909125000005421e-02
-1.319985998739785921e-02,-2.728598796246623631e-02,-3.915225616645885004e-02,-9.562886703771245056e-02,-2.679890518487677009e-01,8.461635885876975238e-02,2.694240861409692364e-04,1.500275783743413617e-02,-2.090023649699749783e-02
-3.078544414379021793e-02,-3.924473619605971068e-03,-4.059060095173738086e-02,-8.733534934498840552e-02,-2.158358608552859437e-01,1.478182212698554432e-01,7.469337306000160479e-03,2.838751822489773632e-02,-2.011160195741565695e-02
-6.585567634934103021e-02,5.712019297959536855e-03,-2.624642851287951190e-02,4.491304476426113967e-02,5.021275546207051299e-01,-5.155903220584705932e-02,2.309970592259474181e-02,-1.268480286718833283e-01,1.680937682628805968e-02
1.268356159234814567e-02,3.759444164168376790e-02,-3.818577221804667077e-02,8.755914709431728005e-02,1.795787606074635834e-01,-2.186820328068136976e-01,1.340949247203883539e-02,2.553103205053253721e-01,6.311855788172648918e-02
-1.587086576712667951e-02,-2.014185758641643884e-02,4.979791699627792584e-02,-1.291995823045097858e-01,-3.196410708130887485e-02,-3.008860104235392546e-02,-1.089375469271860672e-02,3.241813015674670229e-02,-3.674891468959427809e-02
7.369035099393542176e-02,7.836165476506135041e-02,4.272117089755121666e-02,4.845492329599247749e-02,6.103720084555626368e-02,8.800690009923929635e-02,-2.815272822031480299e-02,-1.115528835478193925e-01,1.501725352085415445e-02
-3.595952798093531022e-02,-1.000684366211107915e-02,-2.130031348033143562e-02,1.947134924006335421e-01,4.042655928893280071e-01,-1.954060492786092451e-01,-1.169790130423470909e-01,-9.085308793142794770e-02,-4.464631915083599328e-02
-5.699602892817444422e-02,7.443105251573704784e-04,-5.282891146448399911e-02,-2.981967746932058863e-02,-1.495082516523876803e-01,-2.454879127021526025e-02,-2.587653334678287342e-02,-1.870367162604150424e-01,-2.889368974027251014e-04
-2.136551400482459423e-02,6.217489033250046815e-02,-3.330808956655008368e-02,1.604933483898638921e-02,-1.835228403035019384e-01,8.805043028831660568e-02,-3.366584857025493871e-02,6.485782513665031557e-01,6.711101399685834301e-02
-6.786427985906332006e-02,2.631036734613505582e-02,3.644161050085206049e-02,-8.109524676282083011e-02,1.058990168238117396e-01,6.224903136058634184e-02,-1.443042775579092205e-02,-1.222900708283459897e-01,-2.850778818829725197e-02
-1.590051743009461560e-03,-9.233995890097984952e-04,-8.557083823237679465e-02,-7.053159050052136558e-02,-1.644873126792529283e-01,5.323585266909671571e-02,-1.159850822959746994e-02,-1.472118883392670441e-01,-1.084197859069897449e-02
-9.455675906738299219e-03,-2.652562683666976479e-02,-8.322138246917494889e-03,-1.359845729775075729e-01,-8.867628637232657929e-02,3.002565502733110098e-02,-1.361346671124182874e-02,-1.668901022613818175e-01,5.450504920075623441e-04
-4.625639533771896961e-02,3.182560317584910703e-02,-4.174913265223229378e-04,-4.717764820044658552e-02,1.943658783999346884e-02,1.283581231626133856e-02,-2.851923100527609112e-02,-1.481349965280867320e-01,-2.285816718617254654e-03
9.213130631011069716e-03,1.312060940728355073e-02,6.076241461424122803e-02,1.764451842468285625e-02,3.189720594090159622e-01,-4.560275191807790229e-02,-2.914876549250434989e-02,-8.796860580255709550e-02,-2.392006810207575850e-03
9.347224547187615862e-03,2.274035998466365435e-02,-3.304353194935090443e-02,1.635678434745954993e-02,-6.913734544940766495e-03,1.702565428793489238e-02,-2.464953091756868012e-02,-1.466831197476397841e-01,-2.571012617020853805e-02
-1.237870491841529252e-02,3.075230426882341259e-02,-3.580171190051453095e-02,4.777948943667467696e-02,-8.165527699173735776e-02,3.077153793629260406e-02,-8.916157570046701758e-03,-1.568216312645623611e-01,-2.038099826091811090e-03
-7.629011899469462232e-03,1.190089645279611766e-02,7.677390881879098128e-02,-3.030165222084646101e-02,2.813883228788800483e-01,1.960597718252769014e-03,-3.266913434097336311e-02,-8.360889443091386319e-02,7.751580772152708194e-03
-6.922527484743493109e-03,-1.580600923207893527e-03,3.030733818031618870e-02,-1.074556549386312815e-01,1.629178068904237331e-01,9.846015775073629905e-04,-4.284253770092293773e-02,-1.020517611123681473e-01,-5.664208912318720313e-02
-2.035521001753112444e-02,2.080788341627280019e-02,4.996404302334568615e-02,-5.095525737717335191e-02,-1.174322006488072306e-01,-1.656474496194769719e-01,-2.767524817903780840e-02,3.420878601284138565e-01,3.892371245319879366e-03
-3.834173118450249357e-02,2.653685394494175939e-02,-1.603006719641118967e-03,-5.439350632434731408e-02,-7.818226164781914844e-02,9.165433609828566724e-03,-4.369802122158069485e-02,-1.625563434148502850e-01,-1.096211122644586040e-03
-1.733378511523899282e-02,1.733767857346231976e-03,-8.595591317847567359e-03,-8.798545908859921327e-02,-1.192738731365414195e-01,3.312042763755317781e-02,7.256794609898142845e-03,-1.641637002765718722e-01,8.579600877010278362e-03
-3.149984892936717740e-02,-6.976851937138669676e-04,-1.113431456567542527e-01,-6.583290024496432635e-02,-1.624142241609681792e-01,4.505816620858828225e-02,-1.388445764997355177e-02,-1.662320730973566585e-01,-1.268038435497634460e-02
-7.488035896194307484e-02,-1.623135325820850017e-01,-1.916255821948869287e-01,3.579319108166686275e-02,-1.732663928522238106e-01,9.387463075645441357e-02,6.949889645676705918e-02,3.932233534360836114e-01,-2.023384218769409305e-03
-4.499457535873477299e-02,-1.190224057270432637e-02,-8.499985256572309411e-02,-7.328102313672443802e-02,-1.921658753966320465e-01,7.554354189923177809e-02,1.337353288139852409e-02,-1.618771491455474054e-01,-3.100253709985154385e-02
-3.764247356606508638e-02,-3.072021820789382074e-03,-7.001167663664273344e-02,-2.073634932095565903e-02,-2.256937808325986672e-01,7.155180904740797432e-02,-1.403223106662726018e-02,-1.527424912944819746e-01,-2.064370307391356560e-03
3.781673583905757058e-02,4.653598502396599779e-02,6.132162586571508062e-02,6.181937297782493651e-02,1.742883759525323262e-01,-1.640421778016115661e-01,-3.935260276781718525e-02,-1.132897022729445063e-01,-2.223672926786638554e-02
-2.002622348878784972e-02,3.903951628877238428e-02,-1.824106600487402849e-02,1.149925521432406256e-01,1.350066950037660807e-01,7.880932390577501112e-02,6.284708979143387164e-02,-1.314200736870250186e-01,-1.459799236748072701e-02
-4.679481472952717880e-03,-3.115436996160320104e-02,-5.884941109615757920e-02,4.718147166734129594e-02,-2.204538194738949186e-01,1.059622565172168990e-01,7.008646490318428540e-03,-2.311245937428568764e-01,7.770237025849159769e-03
6.875158952306667515e-02,-9.183031861850675381e-02,6.593706116325685762e-02,8.691343782958936559e-02,-3.310575537685864211e-01,1.784165139293801827e-01,1.473021756223595324e-01,7.358768908352786298e-02,-2.938625154230329120e-02
2.807696084181660057e-03,2.229187230153830204e-02,9.753668732222699200e-02,1.212423454965690268e-02,2.350811917144539909e-01,-3.291184903401876694e-02,-2.134589568973476945e-02,-8.959498433254298178e-02,1.081620601227596158e-02
-1.263798951512677959e-01,-1.947669740018421747e-01,-1.691718600683124740e-01,-2.713933743610365962e-03,-5.918516002172634349e-02,-5.656309136853713282e-01,-1.482182209061400913e-01,5.618973121719048613e-01,1.153481262183140600e-02
-1.083747573048729484e-03,2.004351362228296018e-02,1.197702206566279293e-01,-5.966014981942450307e-02,2.359769341737355530e-01,-6.141157140301933132e-02,3.256817929328411493e-03,-4.914611229197026615e-02,-3.433275967786122984e-02
-2.927748712981528140e-02,9.615950601131118686e-03,-3.423298006522507847e-02,1.463922268906164142e-02,-1.759993832506062672e-01,7.607940955828176866e-02,-3.357569967906566533e-02,6.118930131020909879e-01,5.957346968339486543e-02
-2.338855854847620222e-02,8.971382665181973706e-03,-5.905383861472926488e-02,-7.521700729820007814e-02,-1.793007974559440165e-01,1.060441158167751002e-01,-9.546414369495503233e-03,1.891564983799163754e-02,-1.655660011579414281e-02
2.681990927647033562e-02,-1.123289275839182422e-01,-5.940720498931462146e-03,8.670729308352176368e-02,-2.862407887778170013e-01,1.428791550454934778e-01,3.255697314195805242e-02,3.709619549846662756e-02,-3.133918777788208265e-02
3.024800566985820505e-03,-1.367108856364788322e-02,8.267048343597714621e-02,9.179461872283485591e-02,1.119642031921280340e-01,1.561489031901433858e-02,-1.078928065710803991e-01,-1.127062650986519615e-01,-4.226497190775319740e-02
3.405355167504248853e-02,-1.872003790625287323e-02,-1.639582919154671803e-01,6.286356439543444585e-02,3.579933472399023098e-02,5.296410573983475339e-02,-1.387344008400321141e-02,-1.674767920978899038e-01,-1.865155624283392627e-02
-1.041080905616879881e-02,-3.714348526414307239e-02,-1.423804050360238244e-02,-1.191890608856364386e-01,-1.169732386718636274e-01,2.842452180381151161e-02,-1.118309286986253481e-02,-1.696600431024672118e-01,-5.372937155133569558e-03
-6.652446526974033214e-03,-1.608896618011198404e-02,-3.857739172741354167e-02,-1.008225717802516824e-01,-4.595984885791348229e-01,1.032895629821670574e-01,-4.861068986740613856e-02,-2.263853786971628534e-01,-1.794282110393220948e-03
-4.503061148533154395e-02,2.526051676570469084e-02,-9.615986902209108789e-02,-1.330921362411404893e-02,-1.878357895892114882e-01,8.661696102306062905e-02,-1.799171941377045170e-02,-1.780749311094137304e-03,-1.701548550424299838e-02
7.389859946537766233e-02,-5.237298741559717752e-02,-2.429064298625159199e-02,1.888968244334681967e-01,5.606239125859880934e-01,-2.610102797296077748e-01,7.464018995146312618e-02,2.797744019333980314e-01,9.760288600344214915e-02
-9.325314826464502216e-03,-3.688426226004958008e-02,-7.678847441915412353e-02,-5.897105744028732777e-02,-1.983209439299202237e-01,5.332471493152643460e-02,-2.414755884008039019e-02,-2.136351735071235214e-01,-2.922406070555257605e-03
-3.565891585246263457e-02,4.081738442688135488e-02,2.829914970660499934e-02,-4.375699421475146705e-02,-5.902131753077819593e-02,1.160111663849754463e-02,6.652776852649233338e-03,-1.508993084334901980e-01,1.768576065725866939e-02
-1.397207596432422511e-02,-1.571317338783878928e-02,-3.987561909446406955e-02,-9.187766522018325777e-02,-2.908521651883742010e-01,8.583494965106776287e-02,3.873715185515926203e-03,1.467565546566174106e-02,-1.910857784685988936e-02
-1.371613470923210149e-02,3.547069980481726975e-03,7.336384212592288179e-02,3.814164664825452772e-02,2.432498829702566256e-01,-9.970721956184273871e-02,-3.009915695097002686e-02,-1.069618361363601083e-01,6.318798265138990226e-03
-5.395263412887467414e-02,2.909701590852015185e-02,-2.026883281408143125e-02,-3.528481237834232842e-02,-1.114323607410436373e-01,3.941444286109789530e-02,-1.760871802323629373e-02,8.871803027577691153e-03,-1.961543225497006104e-02
2.036146356866087165e-02,1.564870288413729854e-02,-1.206809097457474042e-03,4.132327437884220078e-02,4.153717095017254168e-01,-4.274566670028229209e-02,1.688473925127513542e-02,-8.475738145717025274e-02,-3.649494923549215925e-02
-8.064078058012624783e-03,4.285570998646564406e-02,-1.467337325754906885e-02,-8.411327370525238656e-02,2.403185266231198935e-02,5.530814118653773481e-02,-1.829957024086385775e-02,-1.251573268225978919e-01,-4.024165118413247644e-02
1.806814100806252571e-02,-2.573552158616676869e-03,-7.781008979558411143e-02,-4.516633535322862880e-02,-7.852022184183196640e-02,1.281818224224484104e-01,3.587293063512192980e-03,-1.071515088313302888e-01,-5.969061834325215671e-02
3.203006960213623106e-02,9.786450147333137367e-03,7.209990410406200145e-02,8.034256459849469303e-03,4.125407236553879087e-01,-4.334450489800013850e-02,9.640136538855445525e-02,-7.320544164985529068e-02,2.218217640673178156e-02
-2.195412315095545200e-02,-1.423889333852325356e-02,-1.390538656130610173e-01,2.839871299386566295e-02,-3.025801972574776455e-01,1.025980341501888105e-01,-1.202580852868655528e-02,-1.763325435034042987e-01,-1.187002911356587614e-02
4.446816999361807854e-03,8.510154566987755687e-02,-7.816299464843336209e-02,1.102983790681593829e-01,-1.822762419417913587e-02,1.231109342780702526e-01,5.211718616513386082e-02,4.516091644315435860e-01,6.159130070951306102e-02
-4.445604377514880690e-02,3.424841716211479703e-02,1.084359593101821562e-01,-5.621880581890713324e-02,-1.022520846766642455e-01,-7.005000139143121446e-03,-8.942908994764799460e-03,6.919877660859903579e-02,-2.491868138215727266e-02
-4.699883652889426389e-02,4.239554442972343767e-02,3.346830436753529467e-04,-6.457636865878858823e-02,7.740966269792259880e-02,1.710928349038730659e-02,5.192183384597881708e-03,-1.366721627116941618e-01,2.680108543815062222e-02
2.441930903458907481e-02,2.462019220881593584e-03,-3.656857245437618309e-02,-1.216564895258327728e-01,6.598532353598804412e-02,3.388501607200929133e-02,2.927396432997744422e-02,-1.072238429265893606e-01,-4.743709069556958924e-02
1.249505193337851344e-02,-5.303179758244599973e-02,-2.240949090870298505e-02,1.234685345155201591e-01,-3.484192649094861594e-01,1.183316390319831546e-01,-4.788791077050368744e-02,3.382337230365601438e-02,-2.737380661552269584e-02
-9.152886265693666035e-02,1.170650885195604896e-01,-7.889868000655292368e-02,1.057381993788514413e-01,-5.012172226709805251e-02,1.018697917828602223e-01,9.677722621048308327e-02,5.218010257207122971e-01,6.791407614241214141e-02
-3.029010148926043755e-03,-4.069401754197906479e-02,-5.747250236462918965e-02,-6.628992207209388754e-02,-3.394399350100447132e-01,9.825588447411381932e-02,-2.993171950720893704e-02,-2.195925318179949848e-01,-1.143440116820708050e-02
-6.283386094746969130e-03,1.073602823440045206e-02,4.545304636667587411e-02,1.192192078498554783e-02,2.587313215294997915e-01,-7.531704863336768918e-02,-6.934224367126944413e-03,-1.088365385239530164e-01,1.158020916764452169e-03
3.614210264166216324e-03,-2.977022950538991269e-02,-9.879750726910119241e-02,-4.685862511593017615e-02,-1.683828569545690601e-01,7.735662033429582807e-02,-4.099541095588061373e-02,-1.480984518994678534e-01,-2.539480952307996559e-02
-4.842505255366669897e-02,-1.847879248647575287e-02,-7.693484827683928773e-02,-7.071620552834599616e-02,-1.923641976214179039e-01,6.383932481649974566e-02,3.879170573109545772e-02,-1.651388090273129827e-01,-3.597701320458676633e-02
-1.887984548293311290e-02,-2.710279126471223238e-02,-1.465929604728987978e-01,9.429699230059569726e-02,4.303706294867015170e-01,-1.767044272803008215e-02,-2.068536401785438933e-02,-1.638326260564287318e-01,-1.285563808428272572e-02
-4.992236726445747202e-02,7.799388418343642694e-03,-8.404935674917782262e-02,7.116966757068914073e-02,3.398498342193010391e-01,3.126921835370248537e-02,-3.713090824343203561e-02,-1.586434374345939424e-01,4.900897815306169344e-03
-7.017767501300502253e-03,1.340897849803859843e-02,-1.018537034208455982e-01,-5.980450871286687592e-02,-1.026424137864054287e-01,8.107499768818543506e-02,-1.035263752610615651e-02,-1.536866135652814047e-01,-1.811641672388134006e-02
7.121414389329849826e-01,7.719522739856653215e-02,-1.209243883842839040e-01,1.975985460729590970e-01,-3.403192959549938140e-02,1.437039752264048786e-01,-5.022844388767606916e-02,-7.654174143228208160e-02,1.258763868263995389e-01
-9.172529242016193990e-03,6.178032395721146097e-02,-4.707468728562966276e-02,8.943351270447648382e-02,4.877344594530703958e-02,5.026652165766917757e-02,1.223518103489593389e-01,-3.044160197734360751e-02,-1.795848727777658860e-02
-1.090732735190099167e-01,-2.333924564918762184e-02,2.052816642869627339e-02,3.355433728848805086e-01,4.407103046622303233e-01,-1.802540431906956564e-01,2.203271775968994595e-01,3.264792231330200245e-01,1.215048466583358300e-01
3.938422723624529498e-02,5.762050358325771643e-02,-4.414047367054790144e-02,-9.399761207091249932e-03,-8.556926709497800210e-02,1.354597663164934795e-01,-2.051202247021276931e-02,-1.420882240403000263e-01,2.332856297940900936e-02
-7.789498723244692169e-03,-3.237346790464923872e-03,-6.408284301811918715e-02,-8.072819659003012405e-02,-1.300801507718861161e-01,6.688574007339781469e-02,-1.554626276734332249e-02,-1.398588293999256105e-01,-1.407106292283251750e-02
2.134834944246895294e-02,-8.308468187490980483e-02,9.983551842544891725e-03,5.427374537434015433e-02,1.045282358252073857e-01,8.474548484308139229e-02,1.416854770234861061e-01,3.211802889502769764e-02,-2.460894880263458234e-02
3.622344303129641091e-02,3.570087688907049722e-02,8.880652635676103412e-02,-9.018724693146566718e-02,8.433368874268797055e-02,-1.596285937404230346e-02,-1.332835917730651985e-03,-1.347910655402239158e-02,1.842131269947817895e-04
-2.931681368253109127e-02,-9.514013221679440413e-03,-1.112812838241428043e-01,-4.563924096818881837e-02,-1.360784653310501968e-01,5.076017379014212405e-02,-2.115695313081914983e-02,-2.271513895228918778e-01,2.821959030090118517e-03
-1.263338719074808339e-02,2.102630528952514552e-02,4.238869278752317032e-02,1.890652062961506452e-01,4.103832307846269067e-01,-9.175116128515854730e-02,2.666644302812656853e-01,7.677718023621708798e-03,-3.908768845005106823e-02
-3.513413924311421799e-02,-1.283209874117485425e-03,-1.263818154032564645e-01,1.594701929293749487e-01,3.303639433383056545e-01,2.876284356446314611e-02,6.358188244412166235e-02,-1.478857395235626815e-01,1.730976380665032871e-02
2.036164585014600681e-02,5.020065829837828952e-02,-3.989477845874156436e-02,-6.033633794931179961e-02,2.773082620474613680e-02,2.420920825551546238e-02,9.254525868556205681e-02,-1.488098477658978402e-01,3.375842332579784971e-02
-1.033591114486022838e-01,2.585896967667786900e-02,-5.732667331147707490e-02,4.723721944316038035e-02,1.469051016921853539e-02,1.134162219853865339e-01,1.059001684327803491e-02,-2.298849138150400352e-03,-3.580878145898144793e-02
-1.632423079809111610e-03,4.049235270831678252e-03,3.475043796378348565e-02,2.362164252406904752e-01,5.781711510513717345e-01,-9.875288460445068306e-02,1.528147615983135865e-01,-5.043480299286070417e-02,-4.271725784864512099e-02
7.724136260189931602e-03,-1.664398929438308528e-02,-8.912548428150049440e-02,-6.185311845700348227e-02,-1.691256945154645530e-01,5.423413959729474210e-02,-1.863760623208706585e-02,-1.389978950063713303e-01,-3.566204381057078154e-03
-1.589758656262688433e-02,-1.197542016496458070e-02,-3.915467418703641456e-02,1.054825800035059935e-01,-3.890123858433217618e-01,1.787487865053560832e-01,-3.588776787592184991e-02,4.033404524770696498e-02,-2.683750866974391955e-02
6.499515069308896276e-03,2.079050429259987620e-02,7.795962140985594757e-02,4.788344291052539642e-04,2.916341864455279653e-01,-9.516932179870478403e-03,1.572784547442723779e-03,-8.732354873696729358e-02,-2.555247170614112322e-03
-2.252767185532769667e-02,1.734022515663550049e-03,-9.641107581709577878e-02,-5.742099113388361709e-02,-1.456237509837669530e-01,1.570942543967370972e-02,-1.425050490924587715e-02,-1.620768604932560086e-01,-3.216116667812363161e-02
-3.534330114064376804e-02,-3.390005014866314531e-03,-9.467602703767637184e-02,-2.617624700453661905e-03,-3.424524644825543973e-01,1.120499459300780820e-01,-1.201383362877524175e-02,1.523780927968224758e-02,-1.280856487277657815e-02
-1.843929855723555958e-02,3.482015929998361070e-04,-6.474331954745462213e-03,-8.831390168755834380e-02,-1.964712039085310391e-01,5.078752294237479786e-02,3.137337502066989831e-02,-1.818254257033742050e-01,1.664852189792999718e-02
7.963584203184249921e-03,1.902509892319452500e-02,1.073579082277914126e-01,-3.781761185305995004e-02,1.289732271846205924e-01,-8.112070236053493810e-02,5.728863395573110563e-03,-2.285142824271074388e-02,-2.533906187440845489e-02
-2.054105688937547108e-02,1.753561551194826595e-03,-3.607492374123182771e-02,-1.140182946009472703e-01,-2.299629437067499671e-01,7.406292545436203578e-02,1.618916627525220087e-02,-1.554581292595359487e-01,-4.464109137015683654e-02
-9.340485610775953185e-02,2.479137175846543584e-02,-2.316920227773251045e-02,1.037164378150381011e-01,2.614501595539409640e-01,2.810040733605510821e-02,8.619105717612243756e-02,-1.762760461719914407e-01,1.460522979401819403e-02
2.764988459829997858e-02,3.687756433055579264e-02,3.749881222118281454e-02,-4.907025780030592477e-02,8.689534994304948246e-02,-2.124080850626414996e-01,2.187446791516048025e-03,2.145162007453157438e-01,5.877279398999812193e-02
-2.209814824490625648e-02,1.922295533592203315e-02,1.392190917999674635e-02,2.714764289090201288e-01,5.756211025931436964e-01,-1.071732658692265694e-01,9.883038440711860995e-02,-5.677272931657858374e-02,-2.047293995572109504e-02
1.980361006416325731e-04,5.923943163048021182e-02,-2.918660757303357875e-02,7.148455426120571554e-02,6.606680224154380665e-02,8.823262880642025741e-02,1.611414138996325116e-04,2.129290278111065776e-02,-1.917270500743611591e-02
4.274952573045354143e-02,4.299559447754703473e-02,9.917883724932169409e-02,3.108374580599012477e-02,1.685624620532170381e-01,-1.840611834617865150e-01,5.590964733512099327e-02,-6.300361331476873883e-02,1.179944290340477486e-02
8.118500443071996475e-03,2.551512138397687632e-02,1.209324787117039002e-01,-2.082070957002423173e-01,5.469118358596973539e-03,6.283225489171249956e-02,-9.916219427220741844e-03,-1.154881039565310713e-01,4.808508882239936888e-03
-2.091979106557045887e-02,2.947428586580840698e-02,3.281631135065395111e-02,-6.654614636179291554e-02,1.535385331749501703e-02,1.696796790380328615e-02,1.023298559895170420e-02,-1.143174820897715216e-01,-3.549874868533670763e-02
1.288966612761769520e-02,5.718993116125889627e-03,-2.445381694069772086e-02,-8.542759423308252109e-02,-1.855190754724844460e-01,1.218488234077536314e-01,2.017371119310445646e-03,2.809674587544209318e-03,-2.237411388794761230e-02
-2.810669126793237382e-02,3.819548797703509191e-02,-3.905759735380329861e-02,7.815928929541544889e-02,3.236301306349828599e-02,9.318913676508419619e-02,-4.496063364555842601e-02,7.965969032548821105e-03,-3.196500002545496488e-02
7.285908946353350513e-03,2.342437413555101267e-02,-3.969786263857456865e-02,-7.011724057484652883e-02,-1.975353137231800893e-01,1.399845919402699923e-01,-1.156459308479219038e-02,-1.381381337884962368e-01,-4.287914454415147486e-02
8.038038745643294458e-04,2.555298112610759204e-02,6.601580233639844919e-02,4.877391107157165451e-02,2.362915800087271312e-01,-1.057382726527986427e-01,-2.336029471711270622e-02,-9.012930471331842205e-03,-1.529082272154471712e-02
3.032371395110856210e-02,-1.059004805765395574e-01,1.374112630265927892e-02,6.120052223664423224e-02,-9.716219325311904742e-02,9.211762739131076905e-02,-4.087920567873743610e-02,3.622266720850315230e-02,-2.494836822845452814e-02
-1.862207030441350580e-02,-2.068434163731415476e-02,-1.073698652139938869e-01,6.010313518005351574e-02,-2.882694988754384013e-01,1.122408452417316960e-01,-1.627327868824320761e-02,-2.554561613709742662e-01,-4.615570539904245706e-04
-1.253017879227200093e-02,2.649877162620655965e-02,5.305028724419105085e-02,-7.326778360743024798e-02,1.872345576267834544e-01,-9.234748799959932586e-03,-2.458990135995875112e-02,-3.547703172473443828e-02,-3.212530869399275561e-03
-4.177203694172209464e-02,5.264447570703034013e-02,-6.846827689784440452e-02,-1.454316628493280139e-01,1.106009740320345117e-02,-3.670108211803297174e-03,4.757983805168779223e-05,3.897934057052203638e-01,5.560894603424133831e-02
1.167867443390441906e+00,-6.238056654901458220e-02,2.154810475281603577e-01,3.199372387463967349e-01,1.910785572543769462e-01,1.815772116408937709e-01,6.421902731088332539e-01,4.496619100201981745e-02,-8.272964265833172154e-03
-6.385998314232137207e-03,-3.547042630673463703e-02,-4.292820261545943900e-02,-1.254575686028433779e-01,-9.698480811279017177e-02,6.649705032500183299e-02,-3.952831079365888567e-02,2.512895414842242388e-03,-2.108193337552188851e-02
-3.514724727572192398e-02,-2.507911033239498128e-02,-3.644207328268216778e-02,6.597130473114785898e-02,5.580916117102143748e-01,-6.653527229503977680e-02,-8.496791246904444872e-02,-1.723285092770726612e-01,-1.633658239044367272e-02
